filename	area	circularity	circumference	imgmode	power	pxlincnt	pxlinmad	pxlinmean	pxlinmedian	pxlinsd	pxltotcnt	pxltotmad	pxltotmean	pxltotmedian	pxltotsd	scaleval	scalex	scaley
/Users/ytsehay/work/data_2/XY/1_LargeOrgs_Day5/0.txt	30185.92427156438	0.3865132179999606	990.6608395503224	RGB	0.06615981836060375	364578	10.378215529539215	33.78084525122196	33.0	11.445866882831679	4330560	5.930408874022408	13.26583143981379	9.0	10.076432875289179	2.0	150	150
/Users/ytsehay/work/data_2/XY/1_LargeOrgs_Day5/1.txt	6167.479829217249	0.546490682397133	376.5888176937175	RGB	0.02946340502994223	74919	11.860817748044816	32.542305690145355	32.0	10.969655517429853	4330560	2.965204437011204	12.263122090445577	10.0	8.279041424428009	2.0	150	150
/Users/ytsehay/work/data_2/XY/1_LargeOrgs_Day5/10.txt	13146.5034264715	0.2942258220383089	749.324045295957	RGB	0.07499994130047465	159561	17.791226622067224	34.539455130012975	30.0	20.623098687484802	4330560	8.895613311033612	17.886414459099978	13.0	16.040567491752373	2.0	150	150
/Users/ytsehay/work/data_2/XY/1_LargeOrgs_Day5/11.txt	3111.8886502839523	0.5961408534924385	256.1194224557667	RGB	0.029968762028885692	37932	10.378215529539215	25.958715596330276	17.0	20.3444757740868	4330560	8.895613311033612	19.28174046774551	11.0	18.48942868255067	2.0	150	150
/Users/ytsehay/work/data_2/XY/1_LargeOrgs_Day5/12.txt	24715.385572600135	0.0776146331361983	2000.3998924577893	RGB	0.2050799960936428	300693	10.378215529539215	22.986371481876866	20.0	12.993812963845846	4330560	1.482602218505602	8.309129766127244	4.0	8.686945371935263	2.0	150	150
/Users/ytsehay/work/data_2/XY/1_LargeOrgs_Day5/13.txt	8751.604703111276	0.4860814181756539	475.6574123126451	RGB	0.024556547339844456	106059	11.860817748044816	40.581025655531356	39.0	12.041880161852852	4330560	4.447806655516806	14.396408778541343	6.0	16.798406938950812	2.0	150	150
/Users/ytsehay/work/data_2/XY/1_LargeOrgs_Day5/14.txt	98165.98870182355	0.2500705613207871	2221.0286976813672	RGB	0.05616055776623046	1183542	13.343419966550417	34.18940772697547	27.0	24.589423558239027	4330560	7.41301109252801	16.195481877632453	10.0	17.806511753325804	2.0	150	150
/Users/ytsehay/work/data_2/XY/1_LargeOrgs_Day5/15.txt	12473.89531652861	0.3211411962283396	698.6472744871185	RGB	0.02917848610952331	151410	7.41301109252801	27.048404993065187	23.0	12.750577593961394	4330560	5.930408874022408	10.922245621813346	8.0	7.841952092757614	2.0	150	150
/Users/ytsehay/work/data_2/XY/1_LargeOrgs_Day5/16.txt	21011.58102592535	0.2307405627858087	1069.7254403927166	RGB	0.15811767155946196	255006	16.308624403561623	37.13323215924331	35.0	16.057221383348864	4330560	2.965204437011204	10.729197378630015	6.0	10.397047749354227	2.0	150	150
/Users/ytsehay/work/data_2/XY/1_LargeOrgs_Day5/17.txt	17133.727764553358	0.4373826523019805	701.6169722998895	RGB	0.041519528802819124	207369	28.16944215160644	51.61483153219623	49.0	26.42723677806097	4330560	1.482602218505602	10.881094131013079	4.0	19.905458903076035	2.0	150	150
/Users/ytsehay/work/data_2/XY/1_LargeOrgs_Day5/18.txt	6877.904404793306	0.6138294815702597	375.24000063318556	RGB	0.019128108283922893	83412	41.51286211815686	107.88476478204575	108.0	46.25068161432887	4330560	1.482602218505602	9.119947766570606	4.0	19.537355199052683	2.0	150	150
/Users/ytsehay/work/data_2/XY/1_LargeOrgs_Day5/19.txt	7494.6129616026155	0.5730532777890561	405.3984057161418	RGB	0.025278309019194315	91020	23.721635496089633	46.059195781147004	34.0	35.97880779791849	4330560	4.447806655516806	14.095716027488361	9.0	20.725396676118166	2.0	150	150
/Users/ytsehay/work/data_2/XY/1_LargeOrgs_Day5/2.txt	55209.06495936607	0.1559255682275367	2109.3636624021765	RGB	0.32208241172803986	667470	19.273828840572826	45.57821475122478	44.0	18.2994757848463	4330560	4.447806655516806	15.25308551318998	9.0	15.491535382802727	2.0	150	150
/Users/ytsehay/work/data_2/XY/1_LargeOrgs_Day5/20.txt	13520.224406172449	0.3130187382689815	736.7356979214001	RGB	0.11355916521387327	164160	14.82602218505602	39.30886330409357	39.0	15.172007747910598	4330560	5.930408874022408	11.618974451341167	10.0	8.647505892398577	2.0	150	150
/Users/ytsehay/work/data_2/XY/1_LargeOrgs_Day5/21.txt	34911.47143897684	0.15412441234754945	1687.148429566463	RGB	0.09118420157672413	422670	16.308624403561623	40.77273049897083	38.0	18.317125209755734	4330560	5.930408874022408	14.488930530924407	10.0	12.380638356238093	2.0	150	150
/Users/ytsehay/work/data_2/XY/1_LargeOrgs_Day5/22.txt	17778.843445938284	0.21437827224842532	1020.8602686633355	RGB	0.1475078851125102	215715	13.343419966550417	38.42112509561227	36.0	17.821152495476145	4330560	2.965204437011204	12.243416786743516	9.0	11.230576656701079	2.0	150	150
/Users/ytsehay/work/data_2/XY/1_LargeOrgs_Day5/23.txt	13759.363734430663	0.37205317235232177	681.71304067494	RGB	0.16037658123419543	166971	22.23903327758403	34.49848177228381	33.0	18.974277741161245	4330560	8.895613311033612	12.643284471292397	10.0	11.012012416693292	2.0	150	150
/Users/ytsehay/work/data_2/XY/1_LargeOrgs_Day5/24.txt	16998.30620816381	0.3012769076778582	842.0247045661354	RGB	0.0427073632268833	206178	20.75643105907843	44.59721211768472	22.0	51.234633986448195	4330560	1.482602218505602	12.743608678785192	5.0	22.620726570651456	2.0	150	150
/Users/ytsehay/work/data_2/XY/1_LargeOrgs_Day5/25.txt	92454.12325104665	0.31842728151081157	1910.1300621050832	RGB	0.05554375100930119	1112430	22.23903327758403	63.75298670478143	60.0	30.6369121699099	4330560	5.930408874022408	27.894868100199513	8.0	33.7682563616639	2.0	150	150
/Users/ytsehay/work/data_2/XY/1_LargeOrgs_Day5/26.txt	8506.958917064381	0.48817584986168117	467.9548515854672	RGB	0.03171552083501404	103164	5.930408874022408	24.201843666395256	9.0	25.066427974883403	4330560	1.482602218505602	9.92676582243405	5.0	19.42434991311936	2.0	150	150
/Users/ytsehay/work/data_2/XY/1_LargeOrgs_Day5/27.txt	79720.92833019544	0.12084754230562555	2879.202391690733	RGB	0.07367163512267497	963162	23.721635496089633	46.34956424775894	46.0	21.338002093002842	4330560	5.930408874022408	18.909485147417424	10.0	19.308069338990332	2.0	150	150
/Users/ytsehay/work/data_2/XY/1_LargeOrgs_Day5/28.txt	30710.70263662057	0.1975294776731377	1397.7639997940564	RGB	0.13614381131172515	371520	11.860817748044816	29.119315245478035	26.0	12.98346723702631	4330560	8.895613311033612	16.781325509864775	14.0	12.459960034976694	2.0	150	150
/Users/ytsehay/work/data_2/XY/1_LargeOrgs_Day5/29.txt	45823.47883357137	0.21673846175837047	1629.975088974133	RGB	0.09329396338614189	553863	16.308624403561623	46.23375997313415	44.0	16.863141183598973	4330560	10.378215529539215	20.996987225670583	14.0	19.472003878184594	2.0	150	150
/Users/ytsehay/work/data_2/XY/1_LargeOrgs_Day5/3.txt	23594.670673907647	0.38041012318365214	882.8478409059245	RGB	0.04979114959859578	285156	14.82602218505602	47.012172284644194	46.0	15.713420182770008	4330560	2.965204437011204	14.607543366215916	8.0	14.548956457152059	2.0	150	150
/Users/ytsehay/work/data_2/XY/1_LargeOrgs_Day5/30.txt	32803.6445119642	0.2684996545755235	1239.0650718895015	RGB	0.04621734586781249	396627	40.030259899651256	74.36215386244507	69.0	40.20440422336953	4330560	4.447806655516806	17.493427870760364	7.0	25.96441897557663	2.0	150	150
/Users/ytsehay/work/data_2/XY/1_LargeOrgs_Day5/31.txt	17771.324574249127	0.7081343065680316	561.5740278827249	RGB	0.00667144691110094	214665	28.16944215160644	71.99962266787786	79.0	31.42385596829321	4330560	2.965204437011204	13.010484787186877	5.0	17.87638241241857	2.0	150	150
/Users/ytsehay/work/data_2/XY/1_LargeOrgs_Day5/32.txt	14892.240503615532	0.42378439793553074	664.5267546014102	RGB	0.022001953198134045	180270	7.41301109252801	13.316159094691296	9.0	9.084811104408283	4330560	1.482602218505602	8.974368903790733	4.0	14.716596154105174	2.0	150	150
/Users/ytsehay/work/data_2/XY/1_LargeOrgs_Day5/33.txt	10666.648627050705	0.2129090138840984	793.4542712508038	RGB	0.12877012298884016	129996	48.92587321068487	73.23871503738576	59.0	54.64420485506194	4330560	1.482602218505602	11.128968078031479	4.0	18.638037926129638	2.0	150	150
/Users/ytsehay/work/data_2/XY/1_LargeOrgs_Day5/34.txt	45861.72890789239	0.2580264734662842	1494.5071944694232	RGB	0.057975928825879756	553887	11.860817748044816	23.110296865606163	18.0	17.708159011992823	4330560	1.482602218505602	7.553307886277987	4.0	10.41329773772315	2.0	150	150
/Users/ytsehay/work/data_2/XY/1_LargeOrgs_Day5/35.txt	14104.495925518422	0.2585146753992661	828.0205507929393	RGB	0.19555833801928155	171147	7.41301109252801	20.786253922066994	20.0	7.954384470042148	4330560	5.930408874022408	15.401996508534692	9.0	14.696762296332103	2.0	150	150
/Users/ytsehay/work/data_2/XY/1_LargeOrgs_Day5/36.txt	11038.363122218514	0.233987893318125	769.9465488852532	RGB	0.10130992820528141	134394	1.482602218505602	9.924728782534935	9.0	3.0049596095277633	4330560	1.482602218505602	7.6792590334737305	7.0	3.204243686795903	2.0	150	150
/Users/ytsehay/work/data_2/XY/1_LargeOrgs_Day5/37.txt	27597.03731456831	0.3336096444464414	1019.5695668920312	RGB	0.026600876709060466	333783	16.308624403561623	40.16337261034864	40.0	16.70984476505302	4330560	2.965204437011204	13.2886153291953	10.0	12.478860658279343	2.0	150	150
/Users/ytsehay/work/data_2/XY/1_LargeOrgs_Day5/38.txt	15602.972994969565	0.4100060705565671	691.5338876489543	RGB	0.07449026717233846	188736	10.378215529539215	30.27120422177009	25.0	17.84644748522323	4330560	4.447806655516806	13.84300182886278	11.0	12.222487684993485	2.0	150	150
/Users/ytsehay/work/data_2/XY/1_LargeOrgs_Day5/39.txt	10396.937521420616	0.4636849092916308	530.8186438700895	RGB	0.08068380598395915	125916	26.686839933100835	39.69501095968741	41.0	22.04227484151882	4330560	2.965204437011204	11.996745455553093	7.0	12.82451625105784	2.0	150	150
/Users/ytsehay/work/data_2/XY/1_LargeOrgs_Day5/4.txt	34900.78734447903	0.3033231957669467	1202.4574924999313	RGB	0.08883671727580969	421767	14.82602218505602	47.86107732468401	46.0	15.649969173187735	4330560	5.930408874022408	16.884733845045446	14.0	12.14243681790852	2.0	150	150
/Users/ytsehay/work/data_2/XY/1_LargeOrgs_Day5/40.txt	26123.53204373762	0.34320403038610314	978.0131408692469	RGB	0.05140076126017029	315720	23.721635496089633	52.2266343595591	49.0	23.466023770692594	4330560	4.447806655516806	14.544651961870983	10.0	15.219829987044317	2.0	150	150
/Users/ytsehay/work/data_2/XY/1_LargeOrgs_Day5/41.txt	14502.964540542995	0.202484359927433	948.7189661728398	RGB	0.09341501179215354	176244	10.378215529539215	29.183716892489958	29.0	10.45384482609366	4330560	5.930408874022408	14.4564709875859	12.0	9.469208536759654	2.0	150	150
/Users/ytsehay/work/data_2/XY/1_LargeOrgs_Day5/42.txt	15893.63347807026	0.6651463211178202	547.9714504054994	RGB	0.025039204617110365	192054	8.895613311033612	20.946577525071074	22.0	8.768059466336153	4330560	2.965204437011204	12.00564107182443	6.0	11.714614026719932	2.0	150	150
/Users/ytsehay/work/data_2/XY/1_LargeOrgs_Day5/43.txt	56969.350160907525	0.2307067827038052	1761.551657471292	RGB	0.09677727313347331	687501	26.686839933100835	66.92795210479694	68.0	24.451854597322505	4330560	8.895613311033612	22.23204666371093	11.0	24.379228181749127	2.0	150	150
/Users/ytsehay/work/data_2/XY/1_LargeOrgs_Day5/44.txt	15280.1462215705	0.6556875825270972	541.1531709489291	RGB	0.023214338296188568	184647	8.895613311033612	21.20971908560659	22.0	9.278737204522749	4330560	2.965204437011204	12.261366659277321	6.0	12.901019600536989	2.0	150	150
/Users/ytsehay/work/data_2/XY/1_LargeOrgs_Day5/45.txt	96068.3503475026	0.19171146877485779	2509.406689383694	RGB	0.0660859340129031	1154343	25.204237714595234	56.85187678185773	53.0	28.03831724026706	4330560	10.378215529539215	25.75599160385724	11.0	27.758982537266245	2.0	150	150
/Users/ytsehay/work/data_2/XY/1_LargeOrgs_Day5/46.txt	27270.86026980099	0.2991363479932811	1070.3350747819084	RGB	0.0797458268381637	329712	42.99546433666246	62.159866792837384	59.0	35.60299862211494	4330560	4.447806655516806	17.80837813123476	7.0	24.42483027433704	2.0	150	150
/Users/ytsehay/work/data_2/XY/1_LargeOrgs_Day5/47.txt	13306.614618926651	0.19120808817510865	935.1592888658728	RGB	0.15902704827434655	161868	7.41301109252801	16.679590777670693	14.0	10.869869623611017	4330560	1.482602218505602	8.023453779649746	4.0	8.256835416765886	2.0	150	150
/Users/ytsehay/work/data_2/XY/1_LargeOrgs_Day5/48.txt	21128.603354064937	0.2622731189584147	1006.1516335904615	RGB	0.14663970993872977	255981	17.791226622067224	35.89921126958642	29.0	24.477405986138823	4330560	2.965204437011204	11.979283972511638	5.0	18.549431593868427	2.0	150	150
/Users/ytsehay/work/data_2/XY/1_LargeOrgs_Day5/49.txt	31428.887199996418	0.4341787923686233	953.7512737367772	RGB	0.03897155738861124	379572	11.860817748044816	26.73275426006133	27.0	10.242104450761692	4330560	4.447806655516806	11.727426706938594	8.0	8.93676378165078	2.0	150	150
/Users/ytsehay/work/data_2/XY/1_LargeOrgs_Day5/5.txt	28378.1073450915	0.22734124169277284	1252.4417367493927	RGB	0.19039309493497036	343344	13.343419966550417	41.13556374947574	39.0	15.098653207389523	4330560	8.895613311033612	17.316269951230325	13.0	14.167483104196986	2.0	150	150
/Users/ytsehay/work/data_2/XY/1_LargeOrgs_Day5/50.txt	53217.93722319896	0.20979984338501403	1785.3828989380268	RGB	0.09804895185200589	642759	25.204237714595234	68.1853182919259	69.0	23.77081192490677	4330560	8.895613311033612	21.993199262912878	11.0	24.317320349825565	2.0	150	150
/Users/ytsehay/work/data_2/XY/1_LargeOrgs_Day5/51.txt	15033.417447726031	0.7070220069367237	516.9128453638766	RGB	0.01677085586620932	181737	8.895613311033612	21.167170141468166	22.0	9.263267212326296	4330560	2.965204437011204	12.136748365107515	6.0	12.544524642877638	2.0	150	150
/Users/ytsehay/work/data_2/XY/1_LargeOrgs_Day5/52.txt	17978.271055563004	0.35887361113830857	793.4291125579348	RGB	0.10942642056420494	217803	13.343419966550417	33.096789300422856	33.0	14.051195955823657	4330560	1.482602218505602	6.895657143648858	4.0	7.870340157474373	2.0	150	150
/Users/ytsehay/work/data_2/XY/1_LargeOrgs_Day5/53.txt	35799.653122661985	0.41080503954547537	1046.469222674842	RGB	0.04756616920153517	432489	38.54765768114565	63.50833431601728	54.0	43.79705668081579	4330560	0.0	10.653392401906451	3.0	24.26524525940414	2.0	150	150
/Users/ytsehay/work/data_2/XY/1_LargeOrgs_Day5/54.txt	11763.482731377608	0.4857128922287164	551.6747109348485	RGB	0.03504656614354611	142551	1.482602218505602	7.341141065302944	7.0	2.6138737279601827	4330560	0.0	4.076053674351585	3.0	3.1046587416005202	2.0	150	150
/Users/ytsehay/work/data_2/XY/1_LargeOrgs_Day5/55.txt	22046.694042719744	0.45890453839453865	776.9901141904124	RGB	0.021703590218788104	266454	16.308624403561623	38.971413452228155	36.0	20.47456196947935	4330560	1.482602218505602	8.91758617823099	4.0	11.037196773514035	2.0	150	150
/Users/ytsehay/work/data_2/XY/1_LargeOrgs_Day5/56.txt	67483.28357587822	0.40311052923503715	1450.4105967321896	RGB	0.07818318233690864	813294	7.41301109252801	14.707718242111708	13.0	8.512412096029019	4330560	4.447806655516806	10.353103524717358	6.0	10.661492870951191	2.0	150	150
/Users/ytsehay/work/data_2/XY/1_LargeOrgs_Day5/57.txt	5109.582070298369	0.7296684853591417	296.643493411288	RGB	0.007712628339622161	62067	20.75643105907843	30.780898061771957	25.0	19.301512848136742	4330560	4.447806655516806	16.614759061183772	8.0	24.528617025874798	2.0	150	150
/Users/ytsehay/work/data_2/XY/1_LargeOrgs_Day5/58.txt	37755.88296792304	0.2801270170905502	1301.4268102870851	RGB	0.254708000524756	456705	19.273828840572826	49.826826945183434	51.0	20.106574789853788	4330560	2.965204437011204	17.10210042119264	9.0	16.990010814894962	2.0	150	150
/Users/ytsehay/work/data_2/XY/1_LargeOrgs_Day5/59.txt	11900.930324008099	0.44461571264638194	579.9666020710354	RGB	0.05959810328437075	144330	13.343419966550417	33.46075659945957	32.0	14.49323942228116	4330560	2.965204437011204	16.12868266459765	10.0	12.778016899234807	2.0	150	150
/Users/ytsehay/work/data_2/XY/1_LargeOrgs_Day5/6.txt	32055.801696457227	0.2747868692681778	1210.766135277568	RGB	0.14062091032810742	387339	26.686839933100835	91.19352814976028	91.0	29.0150660601842	4330560	7.41301109252801	21.813507260031034	12.0	26.13237004423758	2.0	150	150
/Users/ytsehay/work/data_2/XY/1_LargeOrgs_Day5/60.txt	48498.968616841266	0.3460691107098085	1327.057574010803	RGB	0.06852311263928572	585381	13.343419966550417	37.76959621169802	28.0	26.068818236607083	4330560	10.378215529539215	20.736148442695633	15.0	19.78068713844805	2.0	150	150
/Users/ytsehay/work/data_2/XY/1_LargeOrgs_Day5/61.txt	51756.94326951611	0.25568095598505236	1594.9242118181617	RGB	0.10126127371265062	624615	28.16944215160644	56.38043274657189	44.0	34.425218009325654	4330560	10.378215529539215	24.026593327421857	17.0	22.095363816992617	2.0	150	150
/Users/ytsehay/work/data_2/XY/1_LargeOrgs_Day5/62.txt	30247.189392988792	0.37321219033585235	1009.1820899574793	RGB	0.04774235282384098	365628	8.895613311033612	23.892103449407596	23.0	10.236023420253266	4330560	1.482602218505602	10.095447932830858	4.0	13.846838916024723	2.0	150	150
/Users/ytsehay/work/data_2/XY/1_LargeOrgs_Day5/63.txt	54403.64864941683	0.23102834382413542	1720.2291916467448	RGB	0.24289297692301148	657663	16.308624403561623	26.829779081383627	25.0	15.268089760000212	4330560	1.482602218505602	10.43638952006207	4.0	11.898958379770573	2.0	150	150
/Users/ytsehay/work/data_2/XY/1_LargeOrgs_Day5/64.txt	61219.275708913956	0.15863359750862	2202.173026836488	RGB	0.10300603726060908	739917	13.343419966550417	32.78074838123735	31.0	12.926065492776685	4330560	7.41301109252801	13.686706800044336	9.0	12.763348538685447	2.0	150	150
/Users/ytsehay/work/data_2/XY/1_LargeOrgs_Day5/65.txt	47209.55091826598	0.40615467928966936	1208.5764740113777	RGB	0.02452260195846892	569466	8.895613311033612	23.039252562927373	23.0	9.875985700520108	4330560	1.482602218505602	9.377578419419198	5.0	8.708849538564785	2.0	150	150
/Users/ytsehay/work/data_2/XY/1_LargeOrgs_Day5/66.txt	22123.138716830283	0.30137065416856534	960.4567716024744	RGB	0.08737724249184364	267942	17.791226622067224	35.31428443469109	29.0	20.423689190332258	4330560	1.482602218505602	8.479779982265573	5.0	9.551411984062879	2.0	150	150
/Users/ytsehay/work/data_2/XY/1_LargeOrgs_Day5/67.txt	10668.139518500608	0.6403554288607706	457.55017681450755	RGB	0.03354682777808244	129210	16.308624403561623	46.91200371488275	46.0	16.7662347772671	4330560	4.447806655516806	21.54405134670805	7.0	35.455952254580886	2.0	150	150
/Users/ytsehay/work/data_2/XY/1_LargeOrgs_Day5/68.txt	59484.37509380521	0.2472889223972785	1738.617524226582	RGB	0.11541570747125218	718455	71.1649064882689	87.86901893646784	77.0	65.75041548383273	4330560	2.965204437011204	22.436897306583905	6.0	41.87159174925207	2.0	150	150
/Users/ytsehay/work/data_2/XY/1_LargeOrgs_Day5/69.txt	7695.704826802292	0.4389914141152224	469.3546444359813	RGB	0.03540893328500297	93414	14.82602218505602	24.422698953047725	26.0	12.56922310759698	4330560	1.482602218505602	6.1485743183329635	4.0	8.33594191508283	2.0	150	150
/Users/ytsehay/work/data_2/XY/1_LargeOrgs_Day5/7.txt	48176.309671404764	0.19786364429807224	1749.1968839768551	RGB	0.1376936012966778	582219	14.82602218505602	31.359699700628113	27.0	18.12642211687172	4330560	4.447806655516806	15.515997007315452	11.0	11.55703746018504	2.0	150	150
/Users/ytsehay/work/data_2/XY/1_LargeOrgs_Day5/70.txt	126390.01406095126	0.2336305550051864	2607.332948245964	RGB	0.0632478936992059	1522740	13.343419966550417	28.201150557547578	25.0	14.909068625986205	4330560	13.343419966550417	17.770737502771006	13.0	16.489569534480893	2.0	150	150
/Users/ytsehay/work/data_2/XY/1_LargeOrgs_Day5/71.txt	14241.893196213292	0.329638612950616	736.8341659334606	RGB	0.0436762435188117	172872	22.23903327758403	37.74890670553936	36.0	18.17243325677847	4330560	5.930408874022408	17.69507661826646	11.0	19.32094482481876	2.0	150	150
/Users/ytsehay/work/data_2/XY/1_LargeOrgs_Day5/72.txt	45775.69596510059	0.1761496476182345	1807.0972317896264	RGB	0.13110431736448952	553803	17.791226622067224	41.90005471259636	40.0	18.365592787959127	4330560	7.41301109252801	16.282394424739525	12.0	13.875290357559662	2.0	150	150
/Users/ytsehay/work/data_2/XY/1_LargeOrgs_Day5/73.txt	18435.239411206814	0.3046039193715	872.0905478796349	RGB	0.127055142275708	223332	8.895613311033612	21.52099564773521	18.0	11.992457388893163	4330560	2.965204437011204	9.326706938594546	7.0	6.76478816754824	2.0	150	150
/Users/ytsehay/work/data_2/XY/1_LargeOrgs_Day5/74.txt	99477.06264629676	0.1707477716209213	2705.75759528777	RGB	0.04981076631155058	1199538	14.82602218505602	40.61782286180179	35.0	22.285665403071096	4330560	8.895613311033612	20.283052538239858	13.0	18.969686572829026	2.0	150	150
/Users/ytsehay/work/data_2/XY/1_LargeOrgs_Day5/75.txt	46818.512283144504	0.41400301092267633	1192.098075500397	RGB	0.04546182986304375	564795	11.860817748044816	40.52239662178312	42.0	13.334771085732012	4330560	8.895613311033612	17.483077477277764	11.0	15.382466192599429	2.0	150	150
/Users/ytsehay/work/data_2/XY/1_LargeOrgs_Day5/76.txt	36268.663197498	0.20915731648199337	1476.1625246595424	RGB	0.105757434117606	439260	11.860817748044816	30.329394891408278	27.0	12.670919504731794	4330560	8.895613311033612	18.50753505320328	16.0	10.480674915875905	2.0	150	150
/Users/ytsehay/work/data_2/XY/1_LargeOrgs_Day5/77.txt	50465.249190850824	0.20533948412422592	1757.3768849082187	RGB	0.0815629786453949	610176	7.41301109252801	25.02122994021397	24.0	6.974943752690806	4330560	7.41301109252801	19.11157933385059	17.0	7.695521746895067	2.0	150	150
/Users/ytsehay/work/data_2/XY/1_LargeOrgs_Day5/78.txt	67972.88626638008	0.3713695423917325	1516.595092813752	RGB	0.03185766194597885	818976	10.378215529539215	35.893308228812565	37.0	9.97488540097445	4330560	8.895613311033612	17.35114788849479	12.0	13.325772276716771	2.0	150	150
/Users/ytsehay/work/data_2/XY/1_LargeOrgs_Day5/79.txt	59647.48988322607	0.14270683444520324	2291.8101145621913	RGB	0.15555470184432532	720942	22.23903327758403	46.91556047504515	42.0	25.11125676657209	4330560	5.930408874022408	18.50351501884283	10.0	19.916590198171978	2.0	150	150
/Users/ytsehay/work/data_2/XY/1_LargeOrgs_Day5/8.txt	8327.176502820497	0.2867209719056796	604.1212147340802	RGB	0.01758276841477552	101397	8.895613311033612	25.826237462646823	24.0	10.803211775885865	4330560	4.447806655516806	12.306216747949456	8.0	11.491867631029194	2.0	150	150
/Users/ytsehay/work/data_2/XY/1_LargeOrgs_Day5/80.txt	34893.63349249994	0.21881870360138128	1415.5845343762687	RGB	0.10286563732683943	422145	10.378215529539215	32.51665423018157	29.0	14.157970322753263	4330560	11.860817748044816	19.892171220350257	17.0	11.971354878374276	2.0	150	150
/Users/ytsehay/work/data_2/XY/1_LargeOrgs_Day5/81.txt	16564.47118570339	0.4305509724400178	695.3147344792046	RGB	0.03064625704078101	200493	8.895613311033612	32.525729077823165	32.0	8.94890765208426	4330560	10.378215529539215	19.56402890157393	17.0	11.614441940243728	2.0	150	150
/Users/ytsehay/work/data_2/XY/1_LargeOrgs_Day5/82.txt	95462.1292797372	0.1984334226421422	2458.74267387122	RGB	0.05328123573795797	1151262	25.204237714595234	41.85219958619324	37.0	23.714240719290373	4330560	7.41301109252801	19.90930087563733	11.0	19.654025369005904	2.0	150	150
/Users/ytsehay/work/data_2/XY/1_LargeOrgs_Day5/83.txt	68042.2860844809	0.24757539852637012	1858.406162449555	RGB	0.1475984309545891	821034	32.61724880712325	67.12823464070915	63.0	34.25170134075229	4330560	11.860817748044816	27.99421483595655	16.0	29.53870435658039	2.0	150	150
/Users/ytsehay/work/data_2/XY/1_LargeOrgs_Day5/84.txt	32596.71444025311	0.3551561722889119	1073.9453022343273	RGB	0.0772162816643039	394194	14.82602218505602	37.02215406627194	35.0	18.706627640938276	4330560	2.965204437011204	12.85384753934826	7.0	14.863080573023312	2.0	150	150
/Users/ytsehay/work/data_2/XY/1_LargeOrgs_Day5/85.txt	91340.8653938302	0.2822963937871314	2016.437789578674	RGB	0.06486403327814638	1101132	13.343419966550417	32.9167592986127	27.0	20.00442321395392	4330560	7.41301109252801	16.141479162048327	10.0	15.706022804817342	2.0	150	150
/Users/ytsehay/work/data_2/XY/1_LargeOrgs_Day5/86.txt	34516.72211984474	0.539234635047616	896.8727224328823	RGB	0.03819835118941714	416352	16.308624403561623	41.5078971639382	36.0	17.898673164307105	4330560	8.895613311033612	22.873009033473732	16.0	16.329662110677237	2.0	150	150
/Users/ytsehay/work/data_2/XY/1_LargeOrgs_Day5/87.txt	47431.74089688158	0.3988405785093463	1222.474463197529	RGB	0.03402709376576926	572124	4.447806655516806	21.969492627472366	21.0	5.275709314791865	4330560	10.378215529539215	15.84400562513855	16.0	8.929565719966927	2.0	150	150
/Users/ytsehay/work/data_2/XY/1_LargeOrgs_Day5/88.txt	31206.89945686986	0.21952246358961208	1336.5670762660225	RGB	0.13410638036816253	377691	11.860817748044816	25.836127945860504	21.0	14.369836367816777	4330560	4.447806655516806	13.00179838173354	9.0	10.983599593134635	2.0	150	150
/Users/ytsehay/work/data_2/XY/1_LargeOrgs_Day5/89.txt	7603.3367896935815	0.22806691952072636	647.2557208491263	RGB	0.08662852398532131	92919	2.965204437011204	9.83556646111129	10.0	1.9539920120316063	4330560	2.965204437011204	12.878569746176014	8.0	12.906363809742993	2.0	150	150
/Users/ytsehay/work/data_2/XY/1_LargeOrgs_Day5/9.txt	15354.674424332443	0.30229189081149177	798.9359976214541	RGB	0.1302005814127336	186015	10.378215529539215	37.82948149342795	36.0	11.30196916563152	4330560	5.930408874022408	13.10360369097761	12.0	7.726638012353902	2.0	150	150
/Users/ytsehay/work/data_2/XY/1_LargeOrgs_Day5/90.txt	24922.19570581576	0.3429877271863916	955.5618286157173	RGB	0.07874893366431178	301233	11.860817748044816	47.91819621356226	50.0	13.016760673716282	4330560	7.41301109252801	17.05176582243405	11.0	14.10638767321436	2.0	150	150
/Users/ytsehay/work/data_2/XY/1_LargeOrgs_Day5/91.txt	49997.27750860694	0.3469747357240711	1345.640914282586	RGB	0.09039002465628984	603342	8.895613311033612	36.91312389987768	37.0	9.506640573116192	4330560	13.343419966550417	20.209675653956992	16.0	14.383102717204359	2.0	150	150
