Invasion	K14 Sum Peripheral Pixels	K14 Sum Central Pixels	K14 Total Sum	K14 Mean
0.1721980345715185	0.0012371691638304624	0.016440563589656655	0.017677732753487118	0.37622977596074847
0.31546618764104883	0.002340267907207219	0.019109931713762872	0.02145019962097009	0.29159407990415814
0.7821747214626886	0.0022547525438905334	0.013087512659685909	0.015342265203576443	0.30162158726699895
0.5347201062386971	0.002747985860271841	0.026043891620048595	0.028791877480320437	0.2894769352630483
0.31544391065147015	0.002144238375908998	0.011723184285906782	0.01386742266181578	0.34553539365792063
0.1442616824419901	7.205697619327048e-05	0.0003050006302676247	0.00037705760646089515	0.03497109972233561
1.729915997271328	0.0032896574169459405	0.031158649227813494	0.03444830664475943	0.14097940488269337
0.9585179323549662	0.004234664936690704	0.06559053359761106	0.06982519853430177	0.20435842397183276
2.652891840884357	0.003385887329882075	0.03460343669722378	0.03798932402710586	0.1725149083907179
1.355313511158218	0.004431322018942802	0.028046912014639595	0.032478234033582395	0.3748179625538196
0.26284521585268766	0.0041141153867887215	0.0854244689451928	0.08953858433198152	0.24958914530910636
1.3484745460266239	0.0028449927410556333	0.018703015178583072	0.021548007919638703	0.20259343462787957
1.148929837816158	0.004608266937899079	0.03333352078361826	0.03794178772151734	0.21143348290520655
0.6247739190442607	0.00042653633166855746	0.0021566155280556025	0.00258315185972416	0.05915587417185995
1.810858912585318	0.002544901134916392	0.01697699468836526	0.019521895823281652	0.16842932401037303
1.0817603236599524	0.0015784563659203429	0.01757911760359209	0.019157573969512433	0.11100321187034366
0.1945103689333343	0.0009087019312269354	0.0036328707386301894	0.004541572669857124	0.25329769648373995
0.24419834389197367	0.001507896275335672	0.012359621469957968	0.013867517745293639	0.3786920265542891
0.9829239732743826	0.004733701061892281	0.047769088959015216	0.0525027900209075	0.318586358672587
0.38159187049948445	0.0034388787104289733	0.04325551429838173	0.04669439300881071	0.26993027990900814
0.5320506153094928	0.0026249396899083286	0.026028803230447577	0.028653742920355905	0.14516228435797315
0.430826746930022	0.0007615561742320515	0.01271356020794485	0.013475116382176902	0.19538742792856137
0.3298197192030257	0.003957844332590052	0.0612520429364386	0.06520988726902865	0.21702601005357705
0.36078739550016187	0.003563899900461182	0.039443538887512446	0.043007438787973626	0.223780559862217
1.194692487995306	0.00267316059653744	0.030835618053472773	0.033508778650010215	0.19404042890097017
0.7138620434604246	0.002269759433367672	0.015567382129087502	0.017837141562455174	0.10968846633822653
0.5582583442468328	0.0036679565419606105	0.047195597037307496	0.050863553579268105	0.26036460009696877
0.11084679899048684	0.0004978815401132743	0.0029983623908441674	0.003496243930957442	0.12367423150401113
0.5014355460868469	0.0017448035521013992	0.010767532849983266	0.012512336402084665	0.18370057406416931
0.56618967277757	0.0007160682384237224	0.005034960836473805	0.005751029074897527	0.094473057903317
0.7178859279183737	0.004706012753139385	0.09363290333867974	0.09833891609181912	0.18700845650698114
0.5176227968208056	0.0023218923459430323	0.030679863166725347	0.03300175551266838	0.17195104861845983
0.27853723633998473	0.0029279897505444206	0.04132531154780689	0.044253301298351304	0.20318814943874372
1.0961834012515956	0.002547685722482298	0.022786027401428318	0.025333713123910615	0.204227100749606
0.07901151606954793	0.0035845628985356056	0.07138601827341444	0.07497058117195005	0.21053994761542535
0.7408024773262551	0.0037190462529503045	0.05004467836791112	0.053763724620861424	0.19147306554404572
1.806909271409606	0.005915300724590435	0.06537253434958555	0.07128783507417598	0.16119168377120838
2.6767621759595075	0.006772736361225936	0.042925245913040457	0.04969798227426639	0.1821682208072609
0.32737449023468074	0.0021301415711485216	0.013123130930492348	0.01525327250164087	0.21383319337252235
0.7362133912460188	0.003110737478320967	0.03175931600749367	0.03487005348581463	0.154778818633631
0.648390688184694	0.002954990741585927	0.026830452032287087	0.029785442773873017	0.17868418640183345
0.7788422343997001	0.003349125340670518	0.033123758481446226	0.03647288382211674	0.19948673578341478
0.1762642562822544	0.0036247343095961505	0.03727994966552349	0.04090468397511964	0.33129140340547547
0.5551264502828087	0.003953717709650919	0.05230324240092845	0.05625696011057937	0.21278871560887316
0.56204062164775	0.00430843884882705	0.04375788377865001	0.04806632262747706	0.2933863491949787
0.38985721499726117	0.005428802035112427	0.06211953840503171	0.06754834044014414	0.37890634685048463
0.422961041265442	0.004509697971407583	0.04730942826033096	0.05181912623173854	0.40253323018080817
0.8195872820288859	0.0036254786773942563	0.025838508591199724	0.02946398726859398	0.3517529392953735
0.9005890866443164	0.0026806776246299895	0.024270799374948384	0.026951476999578373	0.20671935515260928
0.8865012333377896	0.004344657503879406	0.0678721540156741	0.0722168115195535	0.29794649001153495
2.0804448043595634	0.006093264395095214	0.04257464324679107	0.048667907641886284	0.2644573613371567
0.5178490545451166	0.0034318452497381128	0.04952682114743481	0.05295866639717292	0.31071552469220665
1.095465389170979	0.0038540865248781844	0.04229285656847532	0.0461469430933535	0.1325694654837122
0.9096644286556602	0.00381409169741938	0.052299746045613986	0.05611383774303337	0.2896943852466776
0.45989596438012964	0.004985919495264299	0.11119771223718927	0.11618363173245357	0.2877451232700322
0.8776583375234693	0.0023687929505652847	0.024522675507800105	0.02689146845836539	0.11869718884719346
0.7470011542517402	0.0018526390826780724	0.04455854371231978	0.04641118279499785	0.24900195716964235
0.06335215368452102	0.003354344065269646	0.03896619537861697	0.04232053944388662	0.30791915794533825
0.7835159355505551	0.0038115488935543183	0.046685699662263484	0.0504972485558178	0.2579480175776798
0.4908198147871838	0.002283554687669792	0.017063265286163237	0.019346819973833026	0.2600642681947298
0.8104867961224599	0.0022618158879601498	0.02762294022020247	0.029884756108162616	0.18312551210353906
0.9663037444383964	0.004277702435441035	0.05432139193518241	0.058599094370623446	0.15771754194394957
0.4846053847527037	0.005536724499154572	0.08226705634592564	0.08780378084508021	0.22196627022573792
0.7718022999579904	0.003179936516836839	0.033690561959654176	0.036870498476491015	0.22520088670324287
0.9593301703123602	0.0038527798062253055	0.034881411886412736	0.03873419169263804	0.24605735128876713
0.44828210751496417	0.004392259009567028	0.0674989812484515	0.07189124025801853	0.22252050556053352
0.6533287634635133	0.004133879166829667	0.05640491000212987	0.060538789168959536	0.3144301867432445
0.49451312901558125	0.005877424900352515	0.1046760777576382	0.1105535026579907	0.28832714621196903
0.15432538277619176	0.004983471774877098	0.047893534214838676	0.05287700598971577	0.44624586041423997
0.21740261627977342	0.0017877351006906864	0.016146511142696936	0.017934246243387623	0.2727884591346417
0.33642055140777977	0.00185242989902678	0.01653953462342596	0.01839196452245274	0.23314513082398952
0.9085841430125409	0.005356334841628959	0.07358947192266399	0.07894580676429294	0.21243410541262556
0.5717453590373597	0.004223100069112105	0.054264882465954685	0.05848798253506678	0.3165711370919793
0.5452630886655564	0.003396743146382916	0.03762799866122463	0.04102474180760755	0.1910570244357906
1.309556335481754	0.0021666155932557017	0.009304972376891346	0.011471587970147048	0.08562953003938603
0.3914114404168505	0.0031703629689517126	0.057712400189514956	0.06088276315846667	0.19774877095270302
0.8545449990880586	0.0026341084538448497	0.021657519636096512	0.024291628089941363	0.15420502201188308
0.6944338581892893	0.003112389214164939	0.03352455707399342	0.036636946288158355	0.22640788356372055
1.0317477039489595	0.0036335227396212307	0.045353911571278924	0.04898743431090015	0.2295249478284611
0.5972965145627008	0.0019998935065047964	0.01736771443225927	0.01936760793876407	0.1578905929991399
0.8392514692680837	0.0022853993071402802	0.017464645246260773	0.019750044553401055	0.18222575814770978
0.5756987976339568	0.002334187997965757	0.022787554170415673	0.02512174216838143	0.20910207958957688
1.3965251575128157	0.0024471580363468817	0.02399442158818748	0.02644157962453436	0.10087491382874801
0.47519295415767904	0.0016872590313003943	0.01815673343156815	0.019843992462868543	0.18363249397404996
0.7600042897282521	0.004057690134355671	0.04961291244496025	0.05367060257931592	0.28431563234295715
0.7045127061299248	0.002973157119198821	0.029470577911945094	0.032443735031143915	0.1803419463599311
0.23588607847067802	0.0021844315203359108	0.03155382159514216	0.03373825311547807	0.14330773254920653
0.2095066068804892	0.0010272927614849974	0.006478808881122833	0.00750610164260783	0.1352186774548833
0.9725601766633835	0.0036671469740634007	0.04877909554422523	0.052446242518288624	0.1812026691941676
0.16391511885501	0.002149079483267481	0.03531352825989629	0.03746260774316377	0.20748406223756322
1.2100681412926648	0.003249621839425196	0.034754527060214466	0.03800414889963966	0.17944970583200423
0.3554072223147843	0.0026689551901452222	0.025366935291074977	0.028035890481220196	0.23913145685953582
0.7719067541668931	0.002199636726781158	0.022298023676329323	0.02449766040311048	0.1914144509734934
0.3980697397993839	0.004329857081382764	0.07729129448276761	0.08162115156415038	0.21161886311953065
0.8183447226406081	0.0036139165264864534	0.04772002860111014	0.05133394512759659	0.20642602659409381
2.104791779837999	0.004459847062300868	0.07482400319915153	0.0792838502614524	0.1923366763009009
0.29331046866432936	0.0033081796784331114	0.03371032845636592	0.03701850813479903	0.3010193604255582
1.7533015571366706	0.005298681653996114	0.037502988337875603	0.042801669991871724	0.21835188123687244
0.2488129138169746	0.0034350427712650125	0.05079707664488983	0.05423211941615485	0.311080002144228
1.9380112522361408	0.0033768598328269457	0.030237303910701945	0.03361416374352889	0.1916757560618559
0.5755603166598832	0.0011881767226952851	0.008280211552588226	0.009468388275283512	0.09166811653266749
0.3097460017025253	0.002651446246864962	0.03676667275200925	0.039418118998874214	0.18042452448934876
1.2570062178330392	0.00459234181369289	0.04043181753969599	0.04502415935338888	0.2081190003804294
1.7411204574563595	0.005656657364785861	0.06916607171576235	0.0748227290805482	0.23558945485278496
0.267435388177778	0.003321945049356475	0.0370776419080157	0.040399586957372176	0.33825351355334954
0.7293835346320442	0.0015656554131295614	0.012528650010214682	0.014094305423344243	0.22552388503675574
0.6897413098403098	0.006021253602305475	0.10184958826137416	0.10787084186367964	0.23544436041293457
0.5958271236945567	0.006386637674355932	0.09735188167486014	0.10373851934921607	0.4215338270301519
0.4840812013996721	0.003424023954516411	0.041035920907933114	0.04445994486244952	0.4347186578057964
0.4073410174981167	0.004631320606273988	0.09738686152802953	0.10201818213430351	0.309389303225739
1.674525540176339	0.006547771569279452	0.07385409195821978	0.08040186352749923	0.31529851328634173
0.43349440934179706	0.0046848824876880475	0.059822655730436713	0.06450753821812476	0.15318471008854948
1.2600512339929866	0.005122223019112322	0.06422283926871569	0.06934506228782801	0.2511257505819625
0.13104355749171218	0.008808620322436223	0.10619302869673695	0.11500164901917317	0.4115057494091848
0.7150957000355171	0.004881221719457014	0.04192889874859276	0.046810120468049776	0.20573734558752635
1.4077933980752284	0.00272319895592908	0.020525178648271546	0.023248377604200624	0.17411526249573622
2.273847426001482	0.002272704304510543	0.014805070720374161	0.017077775024884705	0.08492352302185283
1.7921320429301262	0.003156203680762928	0.021591936486410127	0.024748140167173055	0.09420156234440384
0.16273428240336202	0.0017651704330590582	0.0249182363590526	0.026683406792111657	0.159973881942831
2.254942080456302	0.003928159270802091	0.031919482767613805	0.0358476420384159	0.11471550614357758
0.780534199854715	0.002789980157436506	0.031098322836117378	0.03388830299355388	0.13886988096114783
1.4565828540933898	0.0035113622039372166	0.030194198495181714	0.03370556069911893	0.1451558702117079
2.274033146446134	0.00470236969760194	0.03663419158397121	0.04133656128157315	0.16875281873662373
1.0359977910577804	0.005234818156923599	0.07877073906485671	0.08400555722178031	0.46929585309616795
0.2200906413436924	0.0046558195435123725	0.11223034597345921	0.11688616551697159	0.40129362826591614
1.339920213903866	0.004666259709381425	0.05353091951699766	0.05819717922637909	0.18201607674394912
0.8424773391067614	0.003695780684253307	0.05290843787082557	0.05660421855507887	0.1272966820464034
3.078902214327718	0.00550578161878806	0.044626294765301375	0.05013207638408944	0.18874433676123217
