Invasion	K14 Sum Peripheral Pixels	K14 Sum Central Pixels	K14 Total Sum	K14 Mean
1.9030998887805066	0.0016549686822190637	0.010620927710476787	0.01227589639269585	0.08820163338020852
1.515697804601215	0.0017786342535240653	0.02565418791103229	0.027432822164556357	0.10257959654693916
0.9130070940826109	0.0005843395881961741	0.011567586966065522	0.012151926554261696	0.22743130365501749
0.8221319075459229	0.001790620205076045	0.02621114345760472	0.028001763662680767	0.16319890940872475
0.4914151834957209	0.0004097255727828706	0.002978259026953721	0.0033879845997365917	0.0618792121137694
0.35476970259322255	0.002224673564837152	0.023040666388479576	0.02526533995331673	0.2904877183727072
0.5023708912746285	0.00042307257640364945	0.002910738890989781	0.0033338114673934303	0.06278029521116384
1.3008243193695797	0.0015341800652870325	0.013048061166386305	0.01458224123167334	0.18793251192108615
0.2115399153393666	0.001896660016256558	0.052549845475765126	0.05444650549202168	0.3921104550381318
0.9206352787012191	0.0015907465846014752	0.05203019796923425	0.053620944553835724	0.22972856802664318
1.1256551526240108	0.00143435056354619	0.021761261143783604	0.023195611707329797	0.19374123773623436
0.33958068289676335	0.0018315278339223076	0.02423928599371471	0.02607081382763702	0.20563649822398974
0.5724493610172248	0.0004399648354132165	0.0029063107175922908	0.0033462755530055074	0.06229900544617351
0.6806038252322623	0.0010558857216129635	0.007787220019907764	0.008843105741520727	0.12855445225482892
0.7466399249986369	0.0019071490821999382	0.037477508682479864	0.0393846577646798	0.2085543489120464
1.9894214745724366	0.0031709796532224063	0.030200387071255014	0.03337136672447742	0.24603027249572337
2.7418842118399276	0.0007230011822951304	0.010137286958676177	0.010860288140971308	0.05453946903485515
0.7692532868140228	0.00133649879814484	0.022984716553435827	0.024321215351580668	0.20874107131407174
1.4479214425083728	0.002480029752978558	0.07641969140793094	0.0788997211609095	0.2929814746917497
0.7281731660808429	0.004992980122663119	0.041208475686883045	0.04620145580954616	0.6187283188625669
3.5900316318832517	0.000972114460947314	0.006402994749218686	0.0073751092101659995	0.0849962288394688
1.444893954740379	0.0010957555822151516	0.011668853586657452	0.012764609168872603	0.1038984168092372
1.8444021100722514	0.0013908159140401893	0.0263218314925172	0.027712647406557392	0.18931852110851535
1.055672003567595	0.001439612754878054	0.02055667572948044	0.021996288484358497	0.1678006730238667
0.39257863996329095	0.001388558360608708	0.016482976254123906	0.017871534614732613	0.17191391380326143
0.7804972650035865	0.001766316868134973	0.04704194485375618	0.04880826172189115	0.1631644202070928
1.3944261265220221	0.0016301899278886903	0.045675288293104875	0.04730547822099356	0.15315763556828452
0.47458019577661054	0.0007099557291327083	0.023496955698705996	0.024206911427838703	0.0852781803377963
1.2561168197588035	0.0009329237680441274	0.023652645385354318	0.024585569153398445	0.16312331444684658
0.963490513845812	0.00039823133864496805	0.0022618919547424377	0.002660123293387406	0.048498802370296405
0.8031651816274173	0.0028485108297364612	0.09077872553366281	0.09362723636339927	0.2104957383634689
0.35346139010930955	0.0015406511751231194	0.025187048217646623	0.026727699392769744	0.13740261980252846
0.25227022900125484	0.002933664875837278	0.09939674423305124	0.1023304091088885	0.24255141082785764
0.4287459466662894	0.00016618961927488795	0.0007306486105858881	0.0008968382298607761	0.022266626331996827
1.6714964869138782	0.0008549308661615833	0.011994373231447312	0.012849304097608896	0.08465142392729046
1.0450007486718873	0.0015511782744576437	0.02409597617588379	0.025647154450341433	0.1517513931947766
0.3329509416221815	0.0008329475660803005	0.013471845510538509	0.01430479307661881	0.21582706978793606
0.8283138251756174	0.002890841994079831	0.060648586135850925	0.06353942812993076	0.21985765241973543
2.9408698153673916	0.001829177913683762	0.014295002195070003	0.016124180108753765	0.15166107258432038
4.152674892376806	0.0013399381033725839	0.011979801009297535	0.013319739112670119	0.050508066670313406
0.3353560350634802	0.0027418271675772946	0.08563537768244074	0.08837720485001804	0.24659846356158868
0.2871466839070677	0.0020646915383311384	0.07415498226557304	0.07621967380390418	0.21636413314312974
0.3233542662016521	0.0006788416985060484	0.01381178524391357	0.01449062694241962	0.1325377784221664
0.28963097189974846	0.0019144243265916431	0.04659456622374066	0.0485089905503323	0.2542802601467633
1.1720410212250698	0.0008354550532250143	0.004031091210591973	0.004866546263816988	0.08869895028718558
0.8649428702644795	0.0002725119642181856	0.0032495240392765396	0.0035220360034947254	0.08130314252898
1.2206685685475902	0.0013731602705369446	0.04575693240053725	0.047130092671074195	0.15545336248765895
0.8824865420970216	0.0032895786334928563	0.05301635490152612	0.056305933535018976	0.2500338116179868
2.581368477143677	0.0035640764840629223	0.07672438233772783	0.08028845882179074	0.2682445212098092
0.36219043128743583	0.00041283344417350184	0.008142506226609465	0.008555339670782966	0.2668208689979178
1.2391214752720678	0.0010397975971590144	0.030738037955151024	0.03177783555231004	0.12016382972002407
0.5399220293283218	0.000698159944536449	0.019032946696745646	0.019731106641282095	0.2350078554652634
1.4035684911853845	0.00022038448498441716	0.002200038794058967	0.002420423279043384	0.033426414593160605
0.6107671096512615	0.001353820291140176	0.06375990226505145	0.06511372255619162	0.4134902988980702
0.9075112922649677	0.000626287701957307	0.009697338423287736	0.010323626125245044	0.21230853636188918
0.4560060762889255	0.0002954325157240906	0.007581500123880188	0.007876932639604279	0.10219396933349123
0.9106317528906036	0.0028196271858333226	0.09591876447985534	0.09873839166568867	0.1852298408112155
4.112057016718764	0.0009269144922433616	0.006694422892189463	0.007621337384432825	0.04790177577808268
1.0756234104668332	0.0006689340001130135	0.007835060592625434	0.008503994592738448	0.09292370670686048
0.5628364942924862	0.00010914224922955216	0.0008383428742811689	0.000947485123510721	0.03387526255084077
0.8023094217309034	0.002563070229200082	0.03840427375782945	0.040967343987029524	0.24375208312926344
0.5216011531658842	0.0002469236419906025	0.00361162637300542	0.0038585500149960227	0.08980803156477038
1.0845895565737147	0.00035140680080500387	0.0030832610698901595	0.0034346678706951633	0.06799621159561527
2.5315695351248504	0.0013018476621417798	0.00887733307687961	0.01017918073902139	0.10855707157711632
0.4408250980078872	0.002609856733648902	0.06909903514720009	0.07170889188084899	0.20607601662700253
0.40040477485939086	8.231512511899017e-05	0.00033605761080756844	0.0004183727359265586	0.020586631161872985
0.3430720695687537	0.00020890926754208667	0.0037443194413655507	0.003953228708907638	0.07711573926868044
0.6471240833374786	0.0006167467541217329	0.013220243761437184	0.013836990515558917	0.172577718392414
1.2213465794737708	0.0005165233351154694	0.00599842813427743	0.0065149514693929	0.05301544466798225
1.30751716102402	0.001848186459243418	0.048001486562259575	0.04984967302150299	0.24460125973438843
1.8824339523951024	0.000834487918421636	0.010507243187676311	0.011341731106097947	0.053294668865925265
0.45987065090321305	0.00038476751817996096	0.00744358833092093	0.00782835584910089	0.10303334550812036
1.0708465643283567	0.0032960307266333712	0.026066570387853656	0.029362601114487026	0.3811920098638779
0.8911054234246379	0.0024014256001669123	0.024297007098117454	0.02669843269828437	0.21331083370394993
1.3911650057004694	0.002412153733140341	0.019291405322936092	0.021703559056076432	0.18458772952227667
1.8266983046601333	0.0008010701509599628	0.00897647797757986	0.009777548128539822	0.07896478258527688
