Invasion	Fractional Area	K14 Sum Peripheral Pixels	K14 Sum Central Pixels	K14 Total Sum	K14 Mean
0.6506938688997245	0.0615862613611	0.0029859933887099507	0.020508566206353968	0.023494559595063916	0.3814902719504467
0.24358760349161135	0.0208060851252	0.00024630152437831707	0.002380260017995227	0.0026265615423735444	0.12624006518103012
0.14314533202639154	0.0105589115495	0.0005019592629780797	0.0022776676620548464	0.002779626925032926	0.2632493805815201
0.133967034618041	0.0806043560186	0.0011830883982943655	0.018535670974219882	0.019718759372514248	0.2446363986576462
0.7617723158796907	0.157176208158	0.002789097239427804	0.05151818159096935	0.054307278830397154	0.34551844370658036
0.3228009485872237	0.0218188871647	0.00020602959649832002	0.0024475220702335466	0.002653551666731867	0.12161718637162763
0.8132379061864896	0.078635557526	0.0009324293339592543	0.014620413173028023	0.015552842506987278	0.19778383973224217
0.4523045041520112	0.063494097761	0.00047247251815822763	0.009238139558638796	0.009710612076797024	0.1529372401407238
0.14080985541162186	0.00536951341166	0.0001007640364946688	0.0002234624729962923	0.0003242265094909611	0.06038284750101821
1.09996137975966	0.102599201951	0.000991614723921047	0.010139188628233382	0.011130803352154429	0.10848820595596312
0.28956447361456467	0.0501288516959	0.000884241027379695	0.009705841602879236	0.01059008263025893	0.21125723554395087
0.5616932666493253	0.137121065174	0.0014392188376126333	0.02014327993445217	0.0215824987720648	0.15739739729030439
1.7837248381041135	0.0891459765019	0.0017489519084069008	0.008853738791016296	0.010602690699423196	0.11893627862384891
0.5709903132902228	0.0392755209488	0.0006276677707216781	0.003772491317520136	0.004400159088241814	0.11203311838890243
0.4970025086061505	0.0274364054533	0.0002535740520992259	0.0014947367219998173	0.0017483107740990432	0.06372229689754957
0.19104182800619696	0.0473834792729	0.0009320299833522413	0.009592678680871596	0.010524708664223836	0.2221176837523998
0.5208235433813371	0.0698757204611	0.000776937964279039	0.010490975762949826	0.011267913727228865	0.16125649442859818
0.20266662295465712	0.0227631068499	0.0005784172458608804	0.005823613085225223	0.006402030331086103	0.28124589377429055
0.5501664802746582	0.0214669696298	0.00020967808537735645	0.0020305946031704634	0.00224027268854782	0.10435905613051985
0.09525809245341213	0.0369437209045	0.001069515258996527	0.01585866628850609	0.01692818154750262	0.45821539176528686
0.2567830682496468	0.0228808745289	0.00028512818339483876	0.0023972582271658384	0.002682386410560677	0.11723268737692781
0.2966284441718674	0.0208469574374	0.00035421040506648235	0.0015511157910293356	0.0019053261960958181	0.09139588843213489
0.5417276230167158	0.0154919917978	0.00013705060831692464	0.0010939598628189914	0.0012310104711359161	0.07946108461718543
0.25890172256453997	0.00700509864775	0.0002215227700479438	0.000866093666462373	0.0010876164365103168	0.15526068813601387
0.4553505204643273	0.0101626579472	7.692796693050973e-05	0.0003673726750731328	0.00044430064200364253	0.04371894088241977
0.5844041220094884	0.0190007758812	0.00026031411234411745	0.00308002279830132	0.0033403369106454377	0.17580002687964494
0.8765814056878816	0.0108304699623	0.0001349995218659399	0.00021426382568101503	0.0003492633475469549	0.032248217183764895
0.8398640292805206	0.0412145311461	0.0004205542225757516	0.006392516549958489	0.006813070772534241	0.16530749187428356
0.5084640229939182	0.0109884172024	4.24615645415781e-05	0.00012195950204510978	0.00016442106658668787	0.014963125585627013
0.7539215219093693	0.0376787297717	0.0004933392665423519	0.004069333785387354	0.004562673051929706	0.12109413134623219
0.4292061765876355	0.0451521281312	0.001135315742346595	0.01279315322892624	0.013928468971272836	0.3084786819081863
0.9133096400135057	0.0611235036577	0.0007413713102177249	0.006340826454722878	0.007082197764940602	0.1158670125423261
0.5768083647921588	0.0422848315229	0.00017433419832131478	0.002278441913231708	0.0024527761115530227	0.05800605141874899
0.3865586938768091	0.0128484537796	4.598236989320224e-05	0.00012118796753904399	0.00016717033743224622	0.013010930365568345
0.6232491328143912	0.0148830636223	6.052742533501984e-05	0.00019358181091101926	0.0002541092362460391	0.01707371833484837
0.4421924454996044	0.037683579029	0.0002959894332372719	0.0028233897748857913	0.003119379208123063	0.08277820972681955
1.7774549465544267	0.140258534693	0.0006430468440978697	0.007463786778289236	0.008106833622387106	0.05779921799506206
0.2664151263905442	0.0454728718688	0.0008019965357014009	0.014638745267559473	0.015440741803260874	0.3395594157286321
0.17931984196094547	0.0077262524939	3.5974154680715114e-05	8.121215677581163e-05	0.00011718631145652675	0.015167289905292342
0.5885284777102094	0.0441594158723	0.00017571155041488996	0.0022972304084568876	0.0024729419588717773	0.056000332205986166
0.6162161801924579	0.0301492185768	7.510508082638952e-05	0.0003052559973224493	0.0003803610781488388	0.012615951460890415
0.48062178442512393	0.109663877189	0.0003178368997787543	0.007019918086942159	0.0073377549867209135	0.06691132189379397
0.42460988144828016	0.112385003325	0.0036594126123071706	0.03678805838451541	0.04044747099682258	0.3599009636524276
0.8627828680654994	0.0483775770339	0.00045080978523087353	0.004939670891633089	0.005390480676863962	0.11142518925833644
0.36146764982683804	0.00934521170472	0.0001117122198025741	0.00024006676490148266	0.00035177898470405676	0.03764269829503336
0.67768702821049	0.0477395533141	0.0006986462286089341	0.006422899796141023	0.007121546024749958	0.14917496143901815
0.7344434791335422	0.248896447573	0.0012155634809898244	0.02730729567375609	0.028522859154745915	0.11459729310289218
0.49296425601090416	0.084557886278	0.0005515140549680303	0.0087158514480942	0.009267365503062232	0.1095978850818885
0.2838315557143199	0.011728968078	0.00017960453966556696	0.0004433851239453884	0.0006229896636109554	0.053115470983148436
0.3808577053666832	0.01664472955	0.00019015065569566333	0.0008815162065713007	0.001071666862266964	0.06438475669120605
0.30555204969578953	0.0386222567058	0.0003588559121276531	0.006777343834895962	0.007136199747023616	0.18476910350881634
0.42393734022101903	0.140443499224	0.0006212672943262874	0.01634825383267916	0.016969521127005446	0.12082809970382179
0.7806941820616516	0.269750332521	0.005940470679515433	0.09182325557134847	0.09776372625086391	0.362423005515414
0.24330987665916387	0.0105118044779	6.383361369375948e-05	0.0002134216577342531	0.00027725527142801257	0.02637561153366052
0.17182343427206975	0.0238285579694	0.000397340270623878	0.0030898055298377385	0.003487145800461617	0.146343131839473
0.5644006168440173	0.0798478718688	0.0015320366120289836	0.015136273640469267	0.01666831025249825	0.20875083909429193
0.20859639070561878	0.00993751385502	9.011197030352819e-05	0.00023206888607804017	0.00032218085638156834	0.032420669906163935
0.5282028874133914	0.0254918532476	0.000639732505726742	0.002635407022485341	0.003275139528212083	0.12847789042243343
1.0186364946851683	0.0659284249612	0.002700889655352276	0.01811555141897149	0.020816441074323767	0.31574303627870254
0.7902473127708751	0.0958642762137	0.0004000433580659043	0.004376649019173176	0.00477669237723908	0.04982765807975139
0.16977932605355758	0.0311640988694	0.00042617773112348464	0.005068082486818714	0.005494260217942198	0.17630094940212337
0.6170336532636649	0.0316594158723	0.0002184094653157206	0.0015872801126657712	0.001805689577981492	0.05703483555300416
0.38487551119495167	0.0267741354467	0.00016573321858115892	0.0023894505152981167	0.0025551837338792754	0.09543478029261848
0.36428571441585367	0.0131657337619	9.77784152898579e-05	0.00046498809011523033	0.0005627665054050882	0.04274478852314407
