filename	area	circularity	circumference	imgmode	power	pxlincnt	pxlinmad	pxlinmean	pxlinmedian	pxlinsd	pxltotcnt	pxltotmad	pxltotmean	pxltotmedian	pxltotsd	scaleval	scalex	scaley
/Users/ytsehay/work/data_2/XY/3_LargeOrgs_Day5/0.txt	12420.802809988836	0.6592909729772344	486.5653754911891	RGB	0.015219476129503815	12630	14.82602218505602	28.782818685669042	15.333333333333334	29.653068229042713	2887040	20.75643105907843	31.83635592163606	18.0	28.81890334107176	1.0	1	1
/Users/ytsehay/work/data_2/XY/3_LargeOrgs_Day5/1.txt	14367.282237041021	0.3177126804491409	753.8326945820768	RGB	0.041140745067891976	14650	8.895613311033612	21.400819112627985	14.666666666666666	20.450180964739694	2887040	3.953605916014939	16.496624108660317	5.0	21.80164221845355	1.0	1	1
/Users/ytsehay/work/data_2/XY/3_LargeOrgs_Day5/10.txt	15150.684669223461	0.6684683846750573	533.6796288954627	RGB	0.021452507464346893	15309	7.41301109252801	65.80934962004919	66.66666666666667	8.477110546113803	2887040	10.378215529539215	32.40667188539125	10.0	30.570145125191868	1.0	1	1
/Users/ytsehay/work/data_2/XY/3_LargeOrgs_Day5/100.txt	12941.015103045313	0.5974734435959941	521.7107682160696	RGB	0.028991897595194365	13196	5.930408874022408	18.031448923916336	14.333333333333334	16.40179278390411	2887040	7.907211832029878	28.907325611468256	10.0	29.931082816601627	1.0	1	1
/Users/ytsehay/work/data_2/XY/3_LargeOrgs_Day5/101.txt	69637.09116488406	0.32523125517258594	1640.3219833246371	RGB	0.06837105899539814	70379	45.960668773673675	43.879864732377555	49.666666666666664	31.998449017085417	2887040	22.23903327758403	33.49645011268753	19.0	29.039125772961274	1.0	1	1
/Users/ytsehay/work/data_2/XY/3_LargeOrgs_Day5/102.txt	15617.228459377864	0.4424746120878339	665.9823739280054	RGB	0.03423099213859082	15919	16.308624403561623	32.61088426827481	15.333333333333334	32.08206511853047	2887040	4.447806655516806	23.937858267752894	5.0	29.614356309221296	1.0	1	1
/Users/ytsehay/work/data_2/XY/3_LargeOrgs_Day5/11.txt	12913.082398211853	0.7455625446620981	466.5281481260761	RGB	0.014554589266371001	13118	13.343419966550417	26.309244295370227	16.333333333333332	26.082367821096167	2887040	20.75643105907843	32.36151848721643	18.0	29.074098874463118	1.0	1	1
/Users/ytsehay/work/data_2/XY/3_LargeOrgs_Day5/12.txt	18033.127805838787	0.4309625065305924	725.1380896688249	RGB	0.05350961118542672	18288	10.378215529539215	60.13079615048119	74.66666666666667	30.149008225392368	2887040	29.65204437011204	34.57155240892631	26.0	27.3530620880832	1.0	1	1
/Users/ytsehay/work/data_2/XY/3_LargeOrgs_Day5/13.txt	23561.66919448671	0.5627558025431414	725.3505893894237	RGB	0.02224773950089071	23874	14.82602218505602	57.90230655385216	64.66666666666667	22.860746753588554	2887040	26.686839933100835	35.82576144886574	23.0	28.8153559568641	1.0	1	1
/Users/ytsehay/work/data_2/XY/3_LargeOrgs_Day5/14.txt	18265.8107778006	0.2184946599633752	1024.9531052915622	RGB	0.21114811687959742	18628	14.82602218505602	48.91088683701954	50.666666666666664	17.24728339311576	2887040	33.60565028612697	31.15874136370354	28.0	24.270308105782885	1.0	1	1
/Users/ytsehay/work/data_2/XY/3_LargeOrgs_Day5/15.txt	11735.650019974972	0.3630879216787637	637.3127481047268	RGB	0.03389723096571536	12016	7.41301109252801	57.72098313359964	57.666666666666664	8.052013043361438	2887040	25.204237714595234	33.9299722206828	21.0	29.850559762785267	1.0	1	1
/Users/ytsehay/work/data_2/XY/3_LargeOrgs_Day5/16.txt	59305.69713291319	0.39049521041985985	1381.482169584151	RGB	0.07114171581460299	59845	14.82602218505602	50.03534129835408	50.666666666666664	15.460408761058824	2887040	26.686839933100835	32.92560650354689	23.0	27.60823969593503	1.0	1	1
/Users/ytsehay/work/data_2/XY/3_LargeOrgs_Day5/17.txt	13354.610241894807	0.5974057391024321	530.012174506958	RGB	0.034533500707464276	13584	10.378215529539224	62.99433156654887	68.66666666666667	21.066861754382067	2887040	19.273828840572826	33.31203793504765	17.666666666666668	28.81516510005678	1.0	1	1
/Users/ytsehay/work/data_2/XY/3_LargeOrgs_Day5/18.txt	14941.407055451516	0.5744746188922402	571.6961373915083	RGB	0.02218013763636568	15186	7.41301109252801	59.22997058694411	58.666666666666664	8.224658965887498	2887040	38.54765768114565	33.4973235563068	30.0	29.197040148529045	1.0	1	1
/Users/ytsehay/work/data_2/XY/3_LargeOrgs_Day5/19.txt	33641.24205301872	0.43577165020887654	984.9438126835337	RGB	0.09410928170734474	34051	10.378215529539224	62.838595048603565	66.66666666666667	18.895679541086107	2887040	18.28542736156909	33.13795502198331	15.333333333333334	30.406164673721396	1.0	1	1
/Users/ytsehay/work/data_2/XY/3_LargeOrgs_Day5/2.txt	13478.953031441146	0.4571856049583504	608.6767852041453	RGB	0.08836516956862228	13726	13.343419966550421	28.051726650152993	24.666666666666668	16.90639468327297	2887040	9.884014790037346	18.74757363943692	9.666666666666666	21.52013523642164	1.0	1	1
/Users/ytsehay/work/data_2/XY/3_LargeOrgs_Day5/20.txt	20725.06668833986	0.5435543613062739	692.1997019933453	RGB	0.053955785563737646	21039	10.378215529539215	59.935088803333485	73.66666666666667	29.20220504601533	2887040	9.884014790037346	33.53733858900467	10.0	31.219008772934686	1.0	1	1
/Users/ytsehay/work/data_2/XY/3_LargeOrgs_Day5/21.txt	24867.83489577231	0.48747556701700523	800.6588217364035	RGB	0.036309833806992174	25220	8.895613311033612	67.48164155432195	71.66666666666667	15.91303859545828	2887040	19.273828840572826	34.47193284471296	17.0	30.827742537168355	1.0	1	1
/Users/ytsehay/work/data_2/XY/3_LargeOrgs_Day5/22.txt	5203.7404321773865	0.8110742779863003	283.94382629911286	RGB	0.0012988757111032784	5299	7.413011092528021	66.2302950242184	67.66666666666667	11.617770331911341	2887040	38.05345694164379	33.108242236569865	31.666666666666668	26.742586345073704	1.0	1	1
/Users/ytsehay/work/data_2/XY/3_LargeOrgs_Day5/23.txt	23750.363746568943	0.2885433985694012	1017.0317084659184	RGB	0.07254997821359453	24190	23.721635496089633	47.02655367231639	67.66666666666667	34.6505075103314	2887040	19.768029580074693	33.81916795980196	18.333333333333332	29.59468612415626	1.0	1	1
/Users/ytsehay/work/data_2/XY/3_LargeOrgs_Day5/24.txt	80931.77753289917	0.30330418893890165	1831.1556753785167	RGB	0.047327888106429246	81667	13.343419966550417	58.13548924290105	65.66666666666667	22.352895240739954	2887040	36.57085472313818	32.60353695595951	31.666666666666668	25.178895846164995	1.0	1	1
/Users/ytsehay/work/data_2/XY/3_LargeOrgs_Day5/25.txt	38660.615823356755	0.4134870878329636	1083.9477288001233	RGB	0.054391508354957416	39150	23.721635496089633	41.97472115793955	41.666666666666664	21.873377486348367	2887040	29.65204437011204	34.48898860655436	31.0	23.115141945649505	1.0	1	1
/Users/ytsehay/work/data_2/XY/3_LargeOrgs_Day5/26.txt	17590.687743082715	0.47483495488274924	682.2994178455237	RGB	0.025346242331086295	17853	11.860817748044816	62.5223211785134	68.66666666666667	20.96089410913182	2887040	31.628847328119512	37.17389044373012	34.0	24.083122816084302	1.0	1	1
/Users/ytsehay/work/data_2/XY/3_LargeOrgs_Day5/27.txt	19652.68133703345	0.23417585308168792	1026.9393198961423	RGB	0.23606351325881497	20115	10.378215529539215	34.96939265887813	35.666666666666664	11.203143930169174	2887040	30.64044584911578	32.90492303535805	29.666666666666668	23.92505367359652	1.0	1	1
/Users/ytsehay/work/data_2/XY/3_LargeOrgs_Day5/28.txt	24287.17126571545	0.28854948454939733	1028.450155690392	RGB	0.08104802851629113	24773	7.41301109252801	50.73207389765738	50.666666666666664	8.839062993082834	2887040	26.19263919359897	26.292716646345976	22.666666666666668	20.838404888554795	1.0	1	1
/Users/ytsehay/work/data_2/XY/3_LargeOrgs_Day5/29.txt	28177.552873974364	0.4467100795228798	890.315004731549	RGB	0.02049809450124959	28482	8.895613311033612	26.104054022423522	25.666666666666668	9.9580911427921	2887040	9.884014790037346	16.162743732912134	9.666666666666666	17.027739550129905	1.0	1	1
/Users/ytsehay/work/data_2/XY/3_LargeOrgs_Day5/3.txt	73669.3917538476	0.4811504267115661	1387.1008454616504	RGB	0.0345876120462369	74265	7.413011092528005	30.46406786507777	28.666666666666668	14.20805518057646	2887040	18.77962810107096	21.72763268491834	15.666666666666666	21.853976024010816	1.0	1	1
/Users/ytsehay/work/data_2/XY/3_LargeOrgs_Day5/30.txt	15419.514992301127	0.47729991902748364	637.1542854007357	RGB	0.03694917276221543	15658	13.343419966550417	44.852812193979645	44.666666666666664	13.997244159452254	2887040	26.68683993310083	28.471388804219302	23.666666666666668	22.59127148217357	1.0	1	1
/Users/ytsehay/work/data_2/XY/3_LargeOrgs_Day5/31.txt	25075.952583602793	0.27998611905056436	1060.8778981740643	RGB	0.06908955076680678	25490	7.41301109252801	51.89905845429579	52.666666666666664	9.172987346545542	2887040	24.71003697509337	24.487795573782584	20.666666666666668	21.25273772416267	1.0	1	1
/Users/ytsehay/work/data_2/XY/3_LargeOrgs_Day5/32.txt	14536.470769882144	0.5325726775913874	585.6592143796697	RGB	0.013536858966875396	14742	7.41301109252801	49.7693664360331	49.666666666666664	7.790920835585919	2887040	17.297025882565357	22.881568088191834	14.666666666666666	20.42739849526383	1.0	1	1
/Users/ytsehay/work/data_2/XY/3_LargeOrgs_Day5/33.txt	64760.54327608206	0.2318173055110959	1873.6447345052968	RGB	0.05411133199415032	65552	11.860817748044811	38.98411947766658	39.666666666666664	10.48450154066064	2887040	22.239033277584024	25.139291107847473	22.666666666666668	18.811261661001076	1.0	1	1
/Users/ytsehay/work/data_2/XY/3_LargeOrgs_Day5/34.txt	14921.669139030895	0.47370460596009567	629.1581565778583	RGB	0.040123228678280505	15156	8.895613311033612	55.23099762470308	54.666666666666664	11.1180403623879	2887040	30.64044584911578	28.898950251237693	25.666666666666668	23.36516472733366	1.0	1	1
/Users/ytsehay/work/data_2/XY/3_LargeOrgs_Day5/35.txt	25878.66123289351	0.3633619602646924	946.0326054727864	RGB	0.06678063862847318	26280	7.41301109252801	68.59263064434298	70.66666666666667	11.91596841969006	2887040	39.536059160149385	32.05940328733466	32.666666666666664	25.796811560810397	1.0	1	1
/Users/ytsehay/work/data_2/XY/3_LargeOrgs_Day5/36.txt	21333.16052800473	0.5253621120921937	714.337020581857	RGB	0.05563602830391312	21706	8.895613311033612	62.83840105654351	74.66666666666667	27.345577540225722	2887040	13.343419966550417	32.63730129590632	11.333333333333334	29.443203677209624	1.0	1	1
/Users/ytsehay/work/data_2/XY/3_LargeOrgs_Day5/37.txt	8793.327254241653	0.6577293737824483	409.88113612389486	RGB	0.016523199349522396	8987	10.378215529539215	57.31000333815512	74.66666666666667	32.66012765185502	2887040	8.895613311033612	32.190157739414786	11.0	31.234216844581635	1.0	1	1
/Users/ytsehay/work/data_2/XY/3_LargeOrgs_Day5/38.txt	44226.03282863006	0.13305140929205983	2043.7801862095641	RGB	0.12247955792671611	45055	23.721635496089633	53.758117855953834	56.666666666666664	21.424155138475047	2887040	28.16944215160644	32.39331749242593	28.0	23.452745576278218	1.0	1	1
/Users/ytsehay/work/data_2/XY/3_LargeOrgs_Day5/39.txt	17893.53560876444	0.46774397520334077	693.3442397710454	RGB	0.07035800159872943	18222	31.134646588617642	40.80205246405444	21.333333333333332	34.263378283323405	2887040	10.378215529539215	26.104301175829455	12.0	27.63118793381639	1.0	1	1
/Users/ytsehay/work/data_2/XY/3_LargeOrgs_Day5/4.txt	35331.83766480311	0.23164427017722042	1384.4499631973933	RGB	0.09213147703913094	35902	7.41301109252801	52.319722206748	51.666666666666664	9.492377212509863	2887040	28.16944215160644	26.537737959986693	24.0	22.11009149858812	1.0	1	1
/Users/ytsehay/work/data_2/XY/3_LargeOrgs_Day5/40.txt	33149.051250868804	0.29586125553706133	1186.5783924967075	RGB	0.10670952621857036	33714	45.96066877367367	43.251863716359175	33.333333333333336	31.557549381042797	2887040	11.860817748044816	29.729842214401838	12.0	29.869750113765626	1.0	1	1
/Users/ytsehay/work/data_2/XY/3_LargeOrgs_Day5/41.txt	17392.841269697044	0.5663822459150352	621.2056300440464	RGB	0.03158368234568791	17626	35.582453244134456	45.19658459094519	59.666666666666664	34.16971801012163	2887040	11.860817748044816	30.373266621406913	13.0	29.620914357895238	1.0	1	1
/Users/ytsehay/work/data_2/XY/3_LargeOrgs_Day5/42.txt	19023.81276950306	0.42896941506586495	746.5184560358784	RGB	0.021649574384667622	19338	14.826022185056019	26.83879753163029	19.333333333333332	23.796248898126894	2887040	14.82602218505602	31.389231762173935	16.0	28.68356987329919	1.0	1	1
/Users/ytsehay/work/data_2/XY/3_LargeOrgs_Day5/43.txt	21329.579005237887	0.2949847965685535	953.2268289557712	RGB	0.08997979019374333	21765	10.378215529539215	64.57491385251551	72.66666666666667	23.30475051612413	2887040	23.227434756587765	34.23773184068575	22.666666666666668	26.444895217604184	1.0	1	1
/Users/ytsehay/work/data_2/XY/3_LargeOrgs_Day5/44.txt	28272.864469299835	0.4337048976101546	905.0918920820684	RGB	0.0472272296091921	28653	7.41301109252801	64.32941285961911	74.66666666666667	25.83683047188446	2887040	29.65204437011204	34.235356628242066	26.0	27.183823335133813	1.0	1	1
/Users/ytsehay/work/data_2/XY/3_LargeOrgs_Day5/45.txt	23976.09687186819	0.2812310809481296	1035.0528279515224	RGB	0.051135202143088386	24391	13.343419966550428	59.43615814576413	64.66666666666667	20.159496520093626	2887040	26.686839933100835	34.61138663359934	23.0	29.677765558297384	1.0	1	1
/Users/ytsehay/work/data_2/XY/3_LargeOrgs_Day5/46.txt	42601.15488910768	0.16175901767642994	1819.2038561536583	RGB	0.19323355823883762	43347	11.860817748044816	58.997593066802	73.66666666666667	29.92339901393687	2887040	32.123048067621376	35.82644427048697	28.666666666666668	27.835879717768005	1.0	1	1
/Users/ytsehay/work/data_2/XY/3_LargeOrgs_Day5/47.txt	34735.17056677615	0.43345084347635243	1003.5054228468249	RGB	0.03639021482385531	35185	32.617248807123254	43.8087158353465	62.666666666666664	34.45788116650538	2887040	24.71003697509337	34.901907720941416	22.666666666666668	28.006368826530018	1.0	1	1
/Users/ytsehay/work/data_2/XY/3_LargeOrgs_Day5/48.txt	105922.63314728449	0.4357019865059826	1747.8515588889773	RGB	0.0267382477933582	106667	11.860817748044816	45.566935728325845	46.666666666666664	12.691713106793863	2887040	36.57085472313818	29.611981014002808	28.666666666666668	24.568753758937504	1.0	1	1
/Users/ytsehay/work/data_2/XY/3_LargeOrgs_Day5/49.txt	31627.922530553322	0.535684043556585	861.36239994264	RGB	0.016727749166335345	32047	7.41301109252801	56.6147845352139	57.666666666666664	7.686249775826061	2887040	30.64044584911578	28.40737745233873	24.666666666666668	22.4172747688636	1.0	1	1
/Users/ytsehay/work/data_2/XY/3_LargeOrgs_Day5/5.txt	10124.748154530433	0.3930922627081243	568.9181627069127	RGB	0.10914421416741255	10331	5.930408874022408	48.165456716032644	47.666666666666664	6.35559941117198	2887040	28.16944215160644	26.64540498226558	23.0	21.24938841244247	1.0	1	1
/Users/ytsehay/work/data_2/XY/3_LargeOrgs_Day5/50.txt	91179.23254005412	0.24880495432279073	2145.9687145370167	RGB	0.05281141375650325	92155	14.82602218505602	48.7282766353788	49.666666666666664	16.727928744607045	2887040	32.123048067621376	30.780559558117172	29.666666666666668	23.311230872755463	1.0	1	1
/Users/ytsehay/work/data_2/XY/3_LargeOrgs_Day5/51.txt	44979.72799999154	0.2489701292355764	1506.7448719573576	RGB	0.052664261321442425	45570	10.378215529539215	48.25470704410797	47.666666666666664	11.751067637149307	2887040	29.65204437011204	25.27998757666445	23.0	22.08781237937037	1.0	1	1
/Users/ytsehay/work/data_2/XY/3_LargeOrgs_Day5/52.txt	15388.641326760451	0.36045482810737095	732.452806111839	RGB	0.10291203866027882	15707	14.82602218505602	43.63687103414614	43.666666666666664	16.06052253140086	2887040	14.826022185056022	19.73088076368877	12.666666666666666	19.12459571779103	1.0	1	1
/Users/ytsehay/work/data_2/XY/3_LargeOrgs_Day5/53.txt	33848.571830818444	0.3529090432557931	1097.8517867288742	RGB	0.08732800304598665	34305	7.41301109252801	42.04542583685566	42.666666666666664	8.587262313102755	2887040	21.744832538082164	22.091387372533838	17.666666666666668	20.088032637620262	1.0	1	1
/Users/ytsehay/work/data_2/XY/3_LargeOrgs_Day5/54.txt	7237.674561389867	0.5830516636030271	394.9580211406513	RGB	0.017985512222324525	7399	10.378215529539224	61.369194035229974	66.66666666666667	20.465329148976636	2887040	11.860817748044816	31.876286900539405	11.0	30.64873355463642	1.0	1	1
/Users/ytsehay/work/data_2/XY/3_LargeOrgs_Day5/55.txt	32694.811132026392	0.36116115891567624	1066.5809670288922	RGB	0.11783301547491018	33076	8.895613311033612	54.330370459950814	54.666666666666664	10.55823606011558	2887040	36.57085472313818	29.71732685842012	29.666666666666668	24.526518937561118	1.0	1	1
/Users/ytsehay/work/data_2/XY/3_LargeOrgs_Day5/56.txt	25049.575773198725	0.368328110742139	924.4590683276961	RGB	0.05782229682688957	25465	11.860817748044816	56.95740558937103	58.666666666666664	13.366861796134232	2887040	29.157843630610174	27.430157069755413	22.666666666666668	24.457665293679867	1.0	1	1
/Users/ytsehay/work/data_2/XY/3_LargeOrgs_Day5/57.txt	23867.612320928947	0.3872151666751595	880.102469698478	RGB	0.030575505746331683	24251	11.860817748044816	54.36546946517669	53.666666666666664	11.894514465625551	2887040	33.60565028612698	30.087036549545513	27.666666666666668	23.606198242327334	1.0	1	1
/Users/ytsehay/work/data_2/XY/3_LargeOrgs_Day5/58.txt	15273.462403713751	0.3112568504401923	785.2613509241622	RGB	0.0878476641443694	15604	8.895613311033612	64.12635648978893	64.66666666666667	10.035444037561202	2887040	33.60565028612698	30.64881089281758	26.666666666666668	25.39768574783033	1.0	1	1
/Users/ytsehay/work/data_2/XY/3_LargeOrgs_Day5/59.txt	10015.849210590692	0.5017177390459961	500.8631638805452	RGB	0.02214766840417229	10197	8.895613311033623	64.60579909123597	68.66666666666667	18.024822553398455	2887040	15.32022292455789	33.40234623235795	13.333333333333334	30.2998601282139	1.0	1	1
/Users/ytsehay/work/data_2/XY/3_LargeOrgs_Day5/6.txt	15764.080974760458	0.4915939765617031	634.7986347824399	RGB	0.022470410800630922	16049	8.895613311033612	42.002284669865205	42.666666666666664	9.701988820725601	2887040	22.23903327758403	23.395534526712495	19.0	18.776510627547463	1.0	1	1
/Users/ytsehay/work/data_2/XY/3_LargeOrgs_Day5/60.txt	17814.81558689288	0.1592804256603948	1185.5350375005175	RGB	0.1851855914778358	18315	20.75643105907843	33.86353626353627	29.666666666666668	21.469388299046155	2887040	36.57085472313818	35.08579306140546	29.666666666666668	28.433782611728954	1.0	1	1
/Users/ytsehay/work/data_2/XY/3_LargeOrgs_Day5/61.txt	17413.248011117124	0.22153524559224813	993.8558749570094	RGB	0.0682130579832772	17934	22.23903327758403	53.8037433552656	63.666666666666664	27.092993053439802	2887040	38.54765768114565	34.522138591775665	32.0	26.63448514556472	1.0	1	1
/Users/ytsehay/work/data_2/XY/3_LargeOrgs_Day5/62.txt	24916.337646064516	0.2698539113571467	1077.1661000874221	RGB	0.08388309120323557	25354	7.41301109252801	66.13971496936709	66.66666666666667	7.933505953530554	2887040	35.58245324413445	34.60336041989949	28.0	29.300254480209333	1.0	1	1
/Users/ytsehay/work/data_2/XY/3_LargeOrgs_Day5/63.txt	11619.17081523998	0.40307406198539264	601.8663657415836	RGB	0.03146109185959667	11870	7.41301109252801	67.09960685200785	74.66666666666667	22.95990569098712	2887040	35.088252504632585	35.435288738638874	27.666666666666668	29.519902769659776	1.0	1	1
/Users/ytsehay/work/data_2/XY/3_LargeOrgs_Day5/64.txt	22178.75345965715	0.25339486451762483	1048.7563277791874	RGB	0.1637724886955979	22622	14.82602218505602	53.306854684230686	69.66666666666667	31.010005633401658	2887040	10.872416269041082	32.649578922818286	10.333333333333334	32.30200058955703	1.0	1	1
/Users/ytsehay/work/data_2/XY/3_LargeOrgs_Day5/65.txt	19529.171770115125	0.4120687554202861	771.7239911357913	RGB	0.04781541752617468	19849	8.895613311033612	30.17057114548172	8.333333333333334	35.078055040984744	2887040	7.41301109252801	28.972576872275173	8.0	31.696102365778533	1.0	1	1
/Users/ytsehay/work/data_2/XY/3_LargeOrgs_Day5/66.txt	22362.197824244053	0.33198880843647843	920.0267457826575	RGB	0.06684219168137161	22691	8.895613311033612	47.75626166027645	47.666666666666664	9.13320801627482	2887040	26.19263919359897	30.142761906081414	25.666666666666668	22.081374840246756	1.0	1	1
/Users/ytsehay/work/data_2/XY/3_LargeOrgs_Day5/67.txt	14851.194389671517	0.5504461425370639	582.275084465206	RGB	0.05277549752105097	15046	8.895613311033612	68.37812929239222	70.66666666666667	13.155396465683596	2887040	18.77962810107096	32.996990920342874	15.666666666666666	29.053352724493415	1.0	1	1
/Users/ytsehay/work/data_2/XY/3_LargeOrgs_Day5/68.txt	25231.693380002514	0.5740239192757263	743.2127242089537	RGB	0.02469785676584391	25582	7.41301109252801	68.70075313371382	70.66666666666667	13.395557916889965	2887040	32.123048067621376	30.714855007204637	25.666666666666668	26.8243218430389	1.0	1	1
/Users/ytsehay/work/data_2/XY/3_LargeOrgs_Day5/69.txt	30982.572930386683	0.36486124276613496	1032.998773349843	RGB	0.11740844482957978	31406	14.82602218505602	56.39828907427455	62.666666666666664	21.5941086984638	2887040	34.594051765130715	33.5239255431168	27.333333333333332	28.412130620585977	1.0	1	1
/Users/ytsehay/work/data_2/XY/3_LargeOrgs_Day5/7.txt	19095.15239650123	0.5650823456661557	651.6443389849044	RGB	0.030602920233992442	19326	7.41301109252801	23.44654869088275	22.666666666666668	8.424813882268348	2887040	9.884014790037346	17.96611950879332	9.666666666666666	19.89726798622695	1.0	1	1
/Users/ytsehay/work/data_2/XY/3_LargeOrgs_Day5/70.txt	32530.80955210664	0.2008373757654308	1426.6915813566852	RGB	0.04402954478624738	33061	11.860817748044816	61.026738453162324	64.66666666666667	17.070958365432237	2887040	35.58245324413445	32.240884088893814	29.0	25.36102423221419	1.0	1	1
/Users/ytsehay/work/data_2/XY/3_LargeOrgs_Day5/71.txt	11950.001875374386	0.4861637675832283	555.7732300249129	RGB	0.04445401977376395	12140	11.860817748044827	61.839785831960455	70.66666666666667	24.149759741646427	2887040	27.675241412104572	34.90386081707677	23.0	28.025407346121796	1.0	1	1
/Users/ytsehay/work/data_2/XY/3_LargeOrgs_Day5/72.txt	29587.948032274922	0.49778950484379203	864.2501979316212	RGB	0.016612582895264384	30029	11.860817748044827	57.74327039417451	70.66666666666667	28.62613459929012	2887040	23.227434756587765	32.63338875341756	18.666666666666668	29.489157157535494	1.0	1	1
/Users/ytsehay/work/data_2/XY/3_LargeOrgs_Day5/73.txt	79806.16468123753	0.40625233470128735	1571.1773766624972	RGB	0.06488972758320768	80441	13.343419966550417	42.709795585170085	42.666666666666664	15.693433636797003	2887040	31.134646588617642	23.652633146752404	25.0	19.698508528712708	1.0	1	1
/Users/ytsehay/work/data_2/XY/3_LargeOrgs_Day5/74.txt	14086.992437564528	0.3840156520774675	678.9528406338345	RGB	0.08577694380197483	14318	25.20423771459523	37.323764957861904	34.666666666666664	23.25404771027427	2887040	28.16944215160644	26.365667488731255	24.0	21.01338662805934	1.0	1	1
/Users/ytsehay/work/data_2/XY/3_LargeOrgs_Day5/75.txt	52644.820855231155	0.4977850394991976	1152.820891079275	RGB	0.01615793195277899	53130	7.413011092528021	58.76763912416085	59.666666666666664	8.984971971510614	2887040	30.146245109613908	28.41719719851472	26.0	22.17149305190694	1.0	1	1
/Users/ytsehay/work/data_2/XY/3_LargeOrgs_Day5/76.txt	17456.28818796415	0.23720610009486434	961.6520392726557	RGB	0.1078673697159713	17884	11.860817748044816	61.25042868858571	70.66666666666667	25.473412407508775	2887040	14.331821445554151	32.46613428748244	13.666666666666666	30.62908859452281	1.0	1	1
/Users/ytsehay/work/data_2/XY/3_LargeOrgs_Day5/77.txt	62057.15279790155	0.1265366235393861	2482.5198755141378	RGB	0.13220220576744227	62997	13.343419966550417	58.58637712906964	66.66666666666667	23.647326897698232	2887040	26.686839933100835	33.80420222788737	24.0	25.626370653692984	1.0	1	1
/Users/ytsehay/work/data_2/XY/3_LargeOrgs_Day5/78.txt	17219.083094725003	0.4835312626159926	668.9561698758115	RGB	0.02784943759194849	17491	10.378215529539215	64.0368379928725	66.66666666666667	15.7363111643393	2887040	29.157843630610174	33.7400967773221	24.666666666666668	28.27093156305843	1.0	1	1
/Users/ytsehay/work/data_2/XY/3_LargeOrgs_Day5/79.txt	21707.647260938997	0.41179695024642793	813.8975609139493	RGB	0.06667746243951292	22080	13.343419966550417	33.97934782608696	11.333333333333334	34.914830325061146	2887040	8.401412571531743	26.737106286484888	10.333333333333334	29.258347894007358	1.0	1	1
/Users/ytsehay/work/data_2/XY/3_LargeOrgs_Day5/8.txt	14773.8492289821	0.4057105810397879	676.4622972665918	RGB	0.09363676351900606	15000	8.895613311033612	29.17224444444445	27.666666666666668	11.375563738552763	2887040	11.366617008542951	18.429701124104053	11.0	18.53382723749015	1.0	1	1
/Users/ytsehay/work/data_2/XY/3_LargeOrgs_Day5/80.txt	30284.232598055693	0.14021177771732257	1647.4831093695645	RGB	0.17170240321768396	31015	13.343419966550417	31.468257294857324	12.333333333333334	33.07734595660369	2887040	10.378215529539215	28.325207363481844	11.0	29.80227333128709	1.0	1	1
/Users/ytsehay/work/data_2/XY/3_LargeOrgs_Day5/81.txt	63275.74716854257	0.47189431155790146	1298.0792328050343	RGB	0.048570693405272	63841	11.860817748044827	56.36546524438316	57.666666666666664	13.348897625411421	2887040	19.273828840572826	29.187514316855093	16.0	26.224853817743085	1.0	1	1
/Users/ytsehay/work/data_2/XY/3_LargeOrgs_Day5/82.txt	13951.732389720331	0.5574724997031825	560.799059388297	RGB	0.009912505501777523	14184	7.4130110925280075	17.30562605752961	11.333333333333334	20.430610840217764	2887040	16.80282514306349	29.57872157411513	14.333333333333334	28.42558863020729	1.0	1	1
/Users/ytsehay/work/data_2/XY/3_LargeOrgs_Day5/83.txt	32987.26543887209	0.3093982530750789	1157.4950993042842	RGB	0.08090343290696163	33487	19.273828840572836	51.99324115826041	65.66666666666667	30.23940103412264	2887040	10.872416269041082	29.762723758590127	10.333333333333334	29.73083696435099	1.0	1	1
/Users/ytsehay/work/data_2/XY/3_LargeOrgs_Day5/84.txt	12605.251717149527	0.481393647704977	573.6282294520026	RGB	0.0383572814990581	12845	14.82602218505602	37.745997145452186	11.333333333333334	36.338672833376826	2887040	12.355018487546685	32.17798136961504	11.333333333333334	30.685069012547395	1.0	1	1
/Users/ytsehay/work/data_2/XY/3_LargeOrgs_Day5/85.txt	24506.439543012646	0.5215388296804322	768.4254096024449	RGB	0.012802918221682363	24823	10.378215529539215	25.10981750795633	13.333333333333334	28.10556582330626	2887040	7.907211832029878	27.932877503140467	8.333333333333334	30.64096262242242	1.0	1	1
/Users/ytsehay/work/data_2/XY/3_LargeOrgs_Day5/86.txt	8866.16087313513	0.19173138215809526	762.3003761465171	RGB	0.10593139408913128	9193	13.343419966550417	60.31846694949055	62.666666666666664	17.661932020892042	2887040	6.424609613524275	30.552096495603358	7.333333333333333	30.954213454848734	1.0	1	1
/Users/ytsehay/work/data_2/XY/3_LargeOrgs_Day5/87.txt	24346.86555637926	0.687025976548545	667.3288208742476	RGB	0.009469193453143135	24568	16.308624403561634	53.70096602626723	56.666666666666664	20.10807275805695	2887040	19.768029580074693	29.35289027285156	17.333333333333332	26.8626705113809	1.0	1	1
/Users/ytsehay/work/data_2/XY/3_LargeOrgs_Day5/88.txt	25498.100231317127	0.48580962609351147	812.1304347122925	RGB	0.0292313628895061	25807	10.378215529539215	23.43016752560675	15.333333333333334	24.185803975395924	2887040	7.41301109252801	25.825531455516153	8.0	29.372079988387224	1.0	1	1
/Users/ytsehay/work/data_2/XY/3_LargeOrgs_Day5/89.txt	30447.958030639056	0.14902260533154266	1602.352057162321	RGB	0.18434137623243244	31050	41.51286211815686	41.56271604938272	28.333333333333332	34.57515158252815	2887040	11.860817748044816	30.2160643196261	12.0	30.104624651545517	1.0	1	1
/Users/ytsehay/work/data_2/XY/3_LargeOrgs_Day5/9.txt	10650.682897708986	0.40540320492355597	574.5794251557411	RGB	0.09091994172278907	10867	5.930408874022408	47.10886169135916	46.666666666666664	6.184798299371356	2887040	28.16944215160644	26.745428882176896	23.0	21.19796270858744	1.0	1	1
/Users/ytsehay/work/data_2/XY/3_LargeOrgs_Day5/90.txt	20334.116920871387	0.6699959721513322	617.5633214282682	RGB	0.017555543376784433	20526	11.860817748044816	26.25973561986424	14.333333333333334	28.01257234008876	2887040	5.930408874022408	21.271141376634894	8.0	26.33164684450975	1.0	1	1
/Users/ytsehay/work/data_2/XY/3_LargeOrgs_Day5/91.txt	57386.943090159504	0.24206964502015346	1726.0020649073454	RGB	0.07609449353790969	58120	10.378215529539215	63.35802936453313	66.66666666666667	15.485872794480478	2887040	35.58245324413445	31.08545268972142	28.0	25.94909381129039	1.0	1	1
/Users/ytsehay/work/data_2/XY/3_LargeOrgs_Day5/92.txt	24786.28238740712	0.5359240006250084	762.358110973387	RGB	0.020999595148639673	25067	16.308624403561634	51.98458797090465	69.66666666666667	32.52782437096073	2887040	20.75643105907843	32.299779705165165	17.0	29.689105420842715	1.0	1	1
/Users/ytsehay/work/data_2/XY/3_LargeOrgs_Day5/93.txt	17503.173168584533	0.701033431140023	560.1366144783497	RGB	0.021374996800888706	17741	8.895613311033612	56.73838378144786	56.666666666666664	8.962248013447889	2887040	35.088252504632585	29.759460439296525	27.666666666666668	25.41568803777692	1.0	1	1
/Users/ytsehay/work/data_2/XY/3_LargeOrgs_Day5/94.txt	43050.4933248263	0.5347731058457472	1005.7944137493733	RGB	0.028273473626331917	43511	5.930408874022408	60.09740065730504	60.666666666666664	7.204470445757153	2887040	33.11144954662511	28.38066427898471	25.333333333333332	24.863319602740543	1.0	1	1
/Users/ytsehay/work/data_2/XY/3_LargeOrgs_Day5/95.txt	15232.47536307139	0.7724774678069838	497.7912563079886	RGB	0.006717428996328909	15458	8.895613311033623	66.17419243541639	67.66666666666667	11.84448176988909	2887040	38.05345694164379	35.033338990800274	28.666666666666668	31.19597885907539	1.0	1	1
/Users/ytsehay/work/data_2/XY/3_LargeOrgs_Day5/96.txt	14633.309329765794	0.4967936892923098	608.3985542651178	RGB	0.06731002173918264	14905	20.75643105907843	34.54511908755451	30.666666666666668	21.56487259512047	2887040	29.65204437011204	27.577274763540974	25.0	22.070986420146312	1.0	1	1
/Users/ytsehay/work/data_2/XY/3_LargeOrgs_Day5/97.txt	31695.800831223707	0.2747580304169428	1204.0114010124057	RGB	0.11552676274970942	32170	14.82602218505602	49.298798052015336	51.666666666666664	17.28423296803806	2887040	23.227434756587765	29.930063548363236	28.666666666666668	20.0751353061796	1.0	1	1
/Users/ytsehay/work/data_2/XY/3_LargeOrgs_Day5/98.txt	21101.74904305871	0.18395829786218212	1200.6169426939093	RGB	0.09495712277531435	21582	8.895613311033612	55.90504432706267	56.666666666666664	10.208520226803712	2887040	32.123048067621376	30.315984537796503	24.666666666666668	25.411667928195634	1.0	1	1
/Users/ytsehay/work/data_2/XY/3_LargeOrgs_Day5/99.txt	15820.233320799962	0.1892090708384571	1025.0390193665394	RGB	0.14336783103460188	16253	10.378215529539215	60.23815090547385	60.666666666666664	12.292566270370076	2887040	14.82602218505602	32.88384677732211	14.0	30.301522897724542	1.0	1	1
