ID	Invasion	Fractional Area	K14 Sum Peripheral Pixels	K14 Sum Central Pixels	K14 Total Sum	K14 Total Mean	K14 Peripheral Mean	K14 Central Mean
0	0.10844766994115962	0.0276109787187	0.0009671701200985825	0.006321407691873025	0.007288577811971607	0.263973902780873	0.1857790301749442	0.2821432945202075
1	0.03594063736080119	0.00625762026158	0.000248876928292931	0.0007717328230338911	0.001020609751326822	0.16309870344683872	0.11474251789505326	0.18875156975701157
2	0.17499530684028028	0.0123642207936	0.0009556052525199839	0.004234895853708364	0.005190501106228348	0.4198000984347123	0.2802021722765889	0.4729715174270869
3	0.03271706741196779	0.0112606683662	0.00035724492634562136	0.0015199365603035717	0.001877181486649193	0.16670249274732962	0.12046021865882535	0.18323524499159946
4	0.5641018625674487	0.0289154289515	0.00039816885521665993	0.002931977823272958	0.0033301466784896178	0.11516850343395624	0.061518217476437216	0.13064075770753403
5	0.5640468687485838	0.0289313622257	0.0003972506204876098	0.002883987833661507	0.003281238454149117	0.113414585478374	0.06119295866890134	0.12852229308616506
6	0.42955046101192257	0.00802898470406	0.00015787660663910876	0.0005865400915409392	0.0007444166981800479	0.09271616843458695	0.05462560863271483	0.11413889902145814
7	0.4067600521476457	0.0186883451563	0.0008644011805564612	0.004286884782731536	0.005151285963287997	0.2756416322691734	0.16773496332260557	0.3167265800782387
8	0.27182107739251044	0.0334370150743	0.0020798940281055896	0.01181953373235794	0.01389942776046353	0.4156898493957427	0.33613620996988136	0.4337545019278844
9	0.049858871925825166	0.0142852194635	0.000399486440552723	0.0020206407213738966	0.0024201271619266195	0.16941476944785966	0.1163807601749075	0.18618889915215417
10	0.028906142416820806	0.00891362779871	0.0008378511568670918	0.0026794442560886026	0.0035172954129556945	0.39459751880856486	0.3171093083274211	0.4272430545177311
11	1.1485522257841911	0.0957825315894	0.0018910799744415612	0.015159014891702636	0.017050094866144196	0.17800839655424747	0.13724543814509213	0.18485766449110944
12	0.04234834127300429	0.0171594435824	0.0010755788682132131	0.004889708599023737	0.00596528746723695	0.3476387470611983	0.2880555858707119	0.3642101216131447
13	0.2618315915678787	0.0118481212591	0.00016906657364785862	0.0006199442756486323	0.0007890108492964909	0.06659375204212539	0.04835565294078797	0.0742287625069935
14	0.27770125008722485	0.0351488029262	0.0013281993688630408	0.010305720548028566	0.011633919916891607	0.3309905017626113	0.19274980928331925	0.36470088317251836
15	0.04914558026809386	0.0217412990468	0.001238247682136477	0.008275720895762428	0.009513968577898905	0.4375989014009886	0.2902151800808	0.4735844847354205
16	0.11900479518123999	0.0168574041233	0.0004392720843602349	0.0024966965283120565	0.002935968612672291	0.17416493021142046	0.11416961455089779	0.19190795380985196
17	0.6349602316336649	0.0390316725781	0.001047007641451615	0.0055642796910384635	0.006611287332490078	0.16938262943393284	0.14246172783374825	0.17562752043573365
18	0.14398059535711147	0.0148103247617	0.0007373044540361035	0.0031858371258057646	0.003923141579841868	0.2648923398350406	0.2034238771961384	0.28480953786109725
19	3.408828481794858	0.0946886776768	0.0032811949874163807	0.01873425960940794	0.02201545459682432	0.23250355942208614	0.16150545873206582	0.251898120599979
20	0.06454137962654981	0.0141937763245	0.0003197684527147148	0.001602773286215395	0.0019225417389301099	0.13544962911710634	0.0922077820341081	0.14943068488778966
21	0.16698268202449534	0.0116832465085	0.00031979290275187884	0.0015653429959880205	0.0018851358987398994	0.16135377246065932	0.0950437411942335	0.18817487687946596
22	0.3466329242318508	0.0177143371758	0.000438008832440092	0.0021695332976906126	0.0026075421301307044	0.14719953133183192	0.09458107850470031	0.1658246693785001
23	0.4284391453325138	0.0197136167147	0.0006185940902630172	0.0023239461490648134	0.0029425402393278306	0.14926435275238115	0.12149019607843138	0.15893602809958968
24	0.6295631968939672	0.0122658501441	0.0003189480181343209	0.0012284758172832423	0.001547423835417563	0.1261570797979194	0.08138728003133372	0.14717648035228698
25	0.8795589148737698	0.0366035801374	0.0009508048952234407	0.005465433624125775	0.006416238519349216	0.17528991686761383	0.12098958765452585	0.19013502542772545
26	0.5813751710832609	0.0502985757038	0.0025936762423878885	0.015662346073432698	0.018256022315820585	0.3629530669678314	0.27778776742927475	0.38236584085510605
27	0.12564703036540728	0.0226307913988	0.0008695356883609129	0.004601659994523191	0.005471195682884105	0.24175891980399358	0.17847179821736742	0.2591218348076504
28	0.1892908265012228	0.0172093216582	0.0005192535892654557	0.0029180032686983016	0.0034372568579637574	0.19973226872264083	0.1275400614559249	0.22210366878098456
29	0.3149022151947751	0.0410067058302	0.0011393662985034404	0.005371493864670674	0.006510860163174115	0.15877549857663104	0.13197705337952867	0.16592182708913406
30	0.22825899294576862	0.0235306750166	0.0015956148586679184	0.0064237120807090296	0.008019326939376948	0.34080309781639273	0.24125923963384452	0.379719773249185
31	0.4359724239501445	0.020267124806	0.000513782214282299	0.0018453095048704474	0.0023590917191527463	0.11639992064641005	0.0960195367634366	0.12371081072220826
32	0.18929469298530915	0.0304401740191	0.00048001399628794104	0.002304818069990133	0.0027848320662780743	0.0914854187276968	0.08238138199043736	0.09364061301413332
33	0.06137949903105991	0.0179360175127	0.0004219641747188789	0.003040332237971668	0.0034622964126905472	0.19303596298509362	0.10912105436943677	0.21610027042970423
34	0.1367762557927372	0.0150063733097	0.0001518428808011788	0.000787296630024211	0.0009391395108253898	0.06258271012218015	0.039968678937658215	0.07024838863719551
35	1.2635650342244287	0.030857210153	0.0007981904799161961	0.0033716220915322457	0.004169812571448442	0.1351325201072504	0.09908022371387286	0.14787032635257422
36	0.1041348073916778	0.0063781589448	8.473024545663977e-05	0.0002473257092684114	0.0003320559547250512	0.05206141107469381	0.037232817023308565	0.060286998960340635
37	0.19341481523484944	0.0223606184881	0.0004365472635518406	0.0020422192375065744	0.002478766501058415	0.11085411176677126	0.09339924498033984	0.11546685651660689
38	0.06537917245371953	0.0117733041454	0.0002635143505418128	0.0012740941532897797	0.0015376085038315925	0.1306012725772863	0.08488913976659622	0.14696982516836046
39	0.3781695231528772	0.0167347871869	0.0002493903790733762	0.00174253784865753	0.001991928227730906	0.11902919382763247	0.058195926285160036	0.13996929693918633
40	0.10368914626269223	0.0256352527156	0.0006536961936182143	0.00558054711576495	0.006234243309383164	0.24319024191219524	0.134880435879326	0.2684405135975547
41	0.6354171203590087	0.0395637053868	0.0012910977958019829	0.00866716055741738	0.009958258353219363	0.2517018630043112	0.1790666304953957	0.26788899230976887
42	0.14793262883257502	0.0185435601862	0.0007341694159375122	0.0035598221775963767	0.004293991593533889	0.23156241576128359	0.17657251504400495	0.24745615476278154
43	0.192120923111397	0.0204416980714	0.0004552325252867718	0.002401672817209349	0.0028569053424961207	0.1397587095025078	0.0941457385246362	0.1538912795231729
44	0.029633977637944352	0.0184867545999	0.0004931735496237954	0.003011943028153403	0.003505116577777198	0.18960150949385227	0.12705798364321635	0.20622302328890577
45	0.7407272287034715	0.0790615994236	0.0021745998887251644	0.015991894541013036	0.018166494429738198	0.22977645990182594	0.18274893353743665	0.23810850549606122
46	0.27357513515957654	0.026202615828	0.000621131460786487	0.0032197574773646987	0.003840888938151186	0.146584179357022	0.10019171821147724	0.1609622273151685
47	0.05211435615128665	0.0187680115274	0.0003169159483789082	0.0016653273479642356	0.001982243296343144	0.1056181840815464	0.07924380907741582	0.1127601357161843
48	0.4418656562865011	0.02298686544	0.0006961577581597924	0.003456537070603014	0.004152694828762806	0.18065511540038837	0.12747908753759019	0.19722441172207844
49	0.20276511146367424	0.0130223342939	0.00043766109857820316	0.0027863887186441857	0.003224049817222389	0.24757848665586035	0.1232005750818268	0.29423612605246924
50	1.4455266085657914	0.0382772666814	0.0011788150751322476	0.008438191392717584	0.009617006467849831	0.2512459039430736	0.13542722938757676	0.2853357548599331
51	0.30046064405860146	0.0361193471514	0.001109738286802196	0.006099673021502993	0.0072094113083051884	0.19959971253312694	0.163295556754812	0.208013418696402
52	0.09965935691197975	0.0205795555309	0.0008354795032621783	0.004434207123328161	0.0052696866265903395	0.2560641612823808	0.18965739464523032	0.27415053395008854
53	0.3144229619416802	0.0159381234759	0.0009372432746097774	0.003278934717314104	0.004216177991923881	0.26453415286225757	0.2289995619100721	0.2768119681348181
54	1.4567467188622591	0.0577733595655	0.0012177123675894653	0.006125785661194205	0.00734349802878367	0.12710872422880684	0.090286720266205	0.13832270863545018
55	0.9559085288963095	0.0291814453558	0.0008364547880779445	0.0033442760832996465	0.004180730871377591	0.14326675119767782	0.10992709538294561	0.15502663493142924
56	0.07577244748533428	0.0113805142984	0.0006937127544433868	0.002512953086355358	0.0032066658407987445	0.28176809559957416	0.22377390732829444	0.3034801337919925
57	0.20654543544194157	0.00612391930836	0.0005487973841720239	0.0012562238927936503	0.0018050212769656743	0.29474935675627717	0.22988972721996517	0.3361854493373174
58	0.1290491530643517	0.0111692252272	0.0006949950230591017	0.0025655532663076313	0.003260548289366733	0.29192251235295336	0.22398732210008362	0.3180545732549289
59	0.6023378672707123	0.0260425903347	0.0005556379612363677	0.003208662593833809	0.003764300555070177	0.1445440145041604	0.08926817026198348	0.161904663990876
60	0.4871251710756535	0.0252293005985	0.0010144537753030718	0.003956026879827524	0.004970480655130596	0.19701222535748147	0.15766411646484604	0.2104826184648051
61	1.0480214311958407	0.0271925570827	0.0014728376387132109	0.007240180321740756	0.008713017960453966	0.32041922111111276	0.211129154740347	0.35813127841685966
62	0.3053465821628613	0.0329867268898	0.0009339262195678538	0.004553132104094131	0.005487058323661986	0.1663413997390123	0.13686712451478053	0.17402857666486513
63	0.8989259783882512	0.103826756817	0.0027728651314216663	0.028545059788490878	0.031317924919912546	0.3016363592596023	0.19598914334376946	0.3183036677858555
64	0.46653914268892066	0.0272161106185	0.0005538992919269238	0.003776884174197278	0.004330783466124202	0.15912572986024914	0.09579066801034539	0.17621227676590998
65	0.03804471760312338	0.0241264409222	0.0004840102190288663	0.00410058636622461	0.004584596585253477	0.19002374200319	0.10855786690064465	0.20849136808751187
66	0.03753009822250053	0.0130181777876	0.0008733743441956698	0.002877546607204176	0.003750920951399846	0.2881294918989307	0.2711837671183767	0.2936997863558914
67	0.26434675074595737	0.0130500443361	0.00037540858728771936	0.001468993549536862	0.0018444021368245814	0.14133301690991718	0.09863665888634303	0.15891198805661355
68	1.5938434614357635	0.0384518399468	0.0006722510551549372	0.0031467578164052143	0.0038190088715601513	0.09931927514637173	0.06157800895597785	0.11428303628292084
69	0.3728698946924322	0.0124466581689	0.0002019573069751066	0.0007017160666084213	0.0009036733735835278	0.07260369500947815	0.05074489325756412	0.08287851222963412
70	0.02071031029462864	0.00963547439592	0.0004889436931944137	0.0016197090119576983	0.002108652705152112	0.21884264526142616	0.1803270311701584	0.23392519789306418
71	0.21773531694131443	0.0186696408779	0.0002590861771443226	0.0011775626898952887	0.0014366488670396113	0.07695107133762595	0.05770653887229942	0.0830443741324758
72	0.4189418065872335	0.0367047217912	0.0008359820873594394	0.006904554661589752	0.007740536748949192	0.21088667537073716	0.12487136410855733	0.2300753172921985
73	0.27079729446609674	0.042507204611	0.001895758081552284	0.018352119111887718	0.02024787719344	0.47633989058465626	0.27221373777801183	0.5163359966552743
74	0.2198227291979722	0.0187125914431	0.0005768768935195448	0.00375521057458674	0.004332087468106285	0.2315065490138007	0.13167826270293065	0.26202250428400287
75	0.479157901724979	0.0766757647972	0.0010295367315624987	0.006854937386171493	0.007884474117733992	0.10282876393331743	0.08138419926318921	0.107065841636042
76	0.47557282191657896	0.0217426845489	0.0003720208988050995	0.0021313885230438883	0.002503409421848988	0.11513800957839328	0.06868136690665523	0.13055127766725988
77	0.07279297504473393	0.0136402682332	0.0005860293574312899	0.0024362451697593247	0.0030222745271906147	0.22157002160945638	0.17159129777671717	0.23826345714437538
78	0.07234518437790871	0.0217606960763	0.0010580807916161367	0.005679526299546642	0.006737607091162778	0.30962277436124075	0.24622937035526768	0.3252215400817791
79	0.8478229851498376	0.0410932997118	0.0020505050834343933	0.010131511316563868	0.01218201639999826	0.29644775390221495	0.22250207457259383	0.3178250872671739
80	0.08240230630727698	0.0146738528043	0.0004295436862397364	0.0022132255141027813	0.002642769200342518	0.1801005663336055	0.11986369649348237	0.19956495059764176
81	0.021691424263042058	0.0100913045888	0.00031716044875054874	0.0014441468784365885	0.0017613073271871373	0.17453712864290358	0.11394411423105827	0.19761635244675177
82	0.03237801810460694	0.0108013744181	0.0002913846762380412	0.0013696285985021364	0.0016610132747401777	0.1537779555126309	0.09981480964478814	0.17376395451835155
83	0.3467360326356863	0.0177510529816	0.0005529783405270776	0.0025217170663432743	0.0030746954068703518	0.17321200100396075	0.12037932349836329	0.19165740112714386
84	1.1304958521301938	0.059178258701	0.002046802261139437	0.009021582862805952	0.011068385123945389	0.1870346537210143	0.1460648605892822	0.19974592840341804
85	0.11201555700663754	0.021130292618	0.0005841602879236376	0.0035618270806438293	0.004145987368567467	0.19621059885497705	0.1343391841362959	0.21224225500313643
86	1.2273603635740111	0.0604764741742	0.001945117273244922	0.014140996844315204	0.016086114117560127	0.2659896155852919	0.1685869520429006	0.28895322695070896
87	0.027258863049397616	0.0133063622257	0.0009448037694350629	0.002940236502492817	0.00388504027192788	0.2919686241843676	0.29073611964504414	0.2923668937162245
88	0.2620734771316393	0.0223093549102	0.0002965653674460252	0.0014494443864888009	0.001746009753934826	0.07826356974288909	0.05958219056585752	0.0836285207555983
89	0.1373331591271532	0.0126447849701	0.0004238576942636953	0.002626768009354041	0.003050625703617736	0.24125564102812	0.12620607649000193	0.2828640176697311
90	0.6459972083680243	0.00652502216803	0.00022169935364968422	0.00025930079413720707	0.0004810001477868913	0.0737162473015536	0.07175503385210587	0.07548011340047212
91	0.07669918131228645	0.0200426734649	0.0006868395773294909	0.0040185347581728325	0.004705374335502323	0.23476779900402023	0.16629766297662976	0.2525396296960229
92	1.0742724905595546	0.0705844047883	0.001756463503157858	0.01009234235702705	0.011848805860184908	0.1678671924162736	0.12330951250259854	0.17913262393290977
93	0.3303474133996778	0.0121002826424	0.0003692743446303372	0.0012669628924502632	0.0016362372370806004	0.13522305928153594	0.10235309177434414	0.14918723178968954
94	0.030859757917403596	0.0127015905564	0.001128420831866331	0.004066391630915279	0.00519481246278161	0.4089891293304887	0.3561211279439629	0.42656185212257997
95	0.04822084383427019	0.012265157393	0.0009705849752891624	0.003928670004911741	0.0048992549802009035	0.39944493357919275	0.3084673763825213	0.43083747819571494
96	0.91723760742713	0.0502334571049	0.001262119068420984	0.006801408104806986	0.00806352717322797	0.1605210478824216	0.13012599940340397	0.1677941042427362
97	0.028153233675187832	0.0141944690756	0.00028694291948657097	0.0010858587505053008	0.0013728016699918718	0.09671384415161868	0.08515786248710011	0.1003109448054148
98	0.8142694808145055	0.0390552261139	0.0009913050234503023	0.0037948549515128597	0.004786159974963162	0.12254851529983546	0.10554422683662638	0.12793267053429186
99	0.45570117337262894	0.0263196907559	0.0006130004650940403	0.0028594753130691424	0.003472475778163183	0.1319345204457168	0.09310589555687594	0.144887844568836
100	0.02401535204638004	0.0233408612281	0.0003257451284659286	0.0018428916678620017	0.0021686367963279305	0.09291160146722745	0.07472105638695968	0.0970894518391298
101	0.05908913826792825	0.0149114664154	0.0004283619344434737	0.0018784012718366	0.0023067632062800736	0.15469727403156383	0.12217921746845349	0.1646932582556832
102	0.27764217724169676	0.0314453557969	0.000661772855894741	0.0054702068147143585	0.0061319796706091	0.19500430239067781	0.10893857371891623	0.2156118543313347
103	0.1507817574078428	0.0150818831745	0.0003590623791081496	0.0023511590404284083	0.002710221419536558	0.17970046500066197	0.09545372476799191	0.2076950675013289
104	0.17238825338601302	0.0257758811793	0.002152377521613833	0.013688874907089858	0.01584125242870369	0.614576561650246	0.4176075268817204	0.663805586733484
105	0.07908915818696882	0.012748004877	0.0005071562542108397	0.002590025036838056	0.0030971812910488956	0.2429541972206772	0.15646296133328305	0.27244428632051815
106	0.5089072903602004	0.0416599700732	0.0009395823281651388	0.006571708155663063	0.007511290483828202	0.1802999491031426	0.10994697489890898	0.19845593516584892
107	0.24590264476024046	0.0329908833961	0.0012683674112517985	0.011634126383872104	0.012902493795123902	0.3910927040114494	0.218538281868011	0.42792952268179535
108	1.0106694830763627	0.038219075593	0.0005070964874533276	0.004127402623651988	0.004634499111105315	0.12126141302995731	0.060138343868602326	0.1385643107887371
109	0.7421622489058561	0.0357577311018	0.0022388410030383245	0.01364997761463264	0.015888818617670965	0.4443463868682874	0.31471533398635526	0.47654096174602184
110	0.6033606680491724	0.194753796276	0.0036658782888016658	0.05912623173853891	0.06279211002734057	0.3224179000774254	0.21595529821461723	0.3325834695461338
111	1.644998526741176	0.0937513855021	0.0027702326774203365	0.02718193489987438	0.029952167577294717	0.31948506592067266	0.16659943650834494	0.35244784976660765
112	0.9716388114599747	0.0269694912436	0.0005500144526886348	0.0031755192101225326	0.0037255336628111676	0.1381388187547501	0.08121490003530053	0.15722605008389912
113	0.5791448372465902	0.0417874362669	0.0005962223062579055	0.0046177345356231605	0.005213956841881066	0.12477331245158663	0.07932339387367851	0.13474140722570285
114	0.40733875805709874	0.0506913655509	0.0012207278721730324	0.0109487918421636	0.012169519714336632	0.240070859841463	0.15450636545718682	0.2558694490763976
115	0.9650740507135134	0.0392928397251	0.0016235069177305149	0.01486365300941924	0.016487159927149758	0.4195970574407478	0.21390696475742543	0.46883970789609436
116	0.8215970530714797	0.0283134282864	0.00045861478042779957	0.003401673903877667	0.003860288684305467	0.13634126695135004	0.068376328015197	0.15743962017780277
117	0.23326612765425697	0.0401054367103	0.00038329508260852557	0.00566491604400572	0.0060482111266142455	0.15080776130948811	0.05956444371267723	0.1682458153206143
118	0.17923716263430556	0.0341997339836	0.0011676060914279256	0.01182477147365264	0.012992377565080565	0.3798970357872528	0.20380444317993218	0.41533150317891526
119	0.6710668822790857	0.0478871092884	0.0018317804843063362	0.011126334428694998	0.012958114913001334	0.2705971420191489	0.21061025604985126	0.2839102415461951
120	0.387265912855668	0.0624501219242	0.0015905156675838146	0.018498180917234996	0.020088696584818808	0.3216758585228474	0.1812966816543421	0.34461945843847835
121	1.70600139369194	0.0486054921303	0.0013279738851869722	0.005499025258518393	0.006826999143705365	0.14045736077307938	0.10827206228438849	0.151320159769272
122	0.47381032943857376	0.0312042784305	0.0005632120394156332	0.0034712369762802038	0.004034449015695837	0.12929153368122845	0.07408491371762847	0.14707367185206927
123	0.8650734357034413	0.156932359787	0.0010190041988863824	0.013015746367267812	0.014034750566154193	0.08943184557465692	0.06054799296848895	0.09290148978732518
124	0.29347964078537553	0.0354356018621	0.0008010810176431469	0.007767657273505722	0.00856873829114887	0.24181156353689426	0.1258983637004067	0.26718060922751163
125	0.2628259184265887	0.0396890933274	0.0006417564254697667	0.005525436731997166	0.006167193157466932	0.15538760501757082	0.09313242538394668	0.16846717565471644
126	0.7482212001276195	0.0890115827976	0.0017949179782753269	0.016997475669496352	0.018792393647771678	0.21112301407449116	0.1492253642803663	0.22079419113654983
127	0.45299921824252165	0.0549102194635	0.0010869481354944992	0.009356121854638553	0.010443069990133051	0.19018445185906416	0.13000508513953266	0.20099336289318911
128	0.5923880796772587	0.0659090279317	0.001096768900422062	0.008652898035738347	0.00974966693616041	0.14792612244654013	0.1132237605047025	0.1539051156084307
129	0.02154530147323439	0.0138196907559	0.0003107056389392379	0.0014853968078031479	0.0017961024467423856	0.12996690580588344	0.09377165041220335	0.141382038770935
130	1.197158486741147	0.0630126357792	0.0021851921881587927	0.014024351150347081	0.016209543338505876	0.25724274406332454	0.17992063811607234	0.2757045183383589
131	1.2626707302015698	0.214215251607	0.002673451280312613	0.04299020151177296	0.04566365279208558	0.21316714122587954	0.12053911769605394	0.2238651687046352
132	0.7449432897747387	0.10249321104	0.0011332700892372023	0.010884580611229195	0.012017850700466398	0.11725509015239678	0.08616792410933297	0.12183141141015127
133	0.5684100197241482	0.0466498559078	0.0010492190114795642	0.008563174549358649	0.009612393560838213	0.20605408899526548	0.1308369581419299	0.22166834741930627
134	1.4618350775381554	0.0524308634449	0.001979480442143605	0.012198397924898179	0.014177878367041784	0.27041092660886773	0.1654844273957918	0.3014247555984289
135	1.0640918448703174	0.0645235258258	0.0016630290444708143	0.013573109414459644	0.015236138458930458	0.23613307338589123	0.13340459495829451	0.2607331714523832
136	0.5185332854896771	0.0746654012414	0.002440730393243531	0.024543102155515275	0.02698383254875881	0.36139673932125616	0.2290795277799026	0.38342072946753186
137	0.5192163117045843	0.0408716193749	0.0006027857829010567	0.005060991976041137	0.005663777758942194	0.13857483127829684	0.08087492641819252	0.1514436802913537
138	1.0401127542546618	0.0666287962758	0.0012900328608499484	0.01972996835621857	0.021020001217068516	0.3154792280813344	0.11222057582825826	0.3578594717861009
139	0.3497965794599221	0.0385079527821	0.000579585414303163	0.0047102616262643384	0.005289847040567502	0.1373702484393833	0.0857479898795636	0.14836039412492033
140	1.7268816137025393	0.171508534693	0.0026448393034890745	0.028250512907446287	0.03089535221093536	0.18013886169713303	0.11800328958931042	0.18947960892546703
141	0.5409788698992184	0.0396163544669	0.00048635198925502365	0.0040025227005011715	0.004488874689756195	0.11330862594919934	0.06582830037781638	0.12419331861543896
142	1.0305010246407658	0.0687306029705	0.0013460234459556379	0.00972745000239067	0.011073473448346308	0.1611141612288272	0.11580711435843857	0.17033539506345505
143	0.6313797238217627	0.0565264076701	0.0008238304188889034	0.0067025240045031536	0.0075263544233920565	0.13314758063721585	0.09530499168733049	0.13997927416456243
144	0.2296864207354248	0.0232861338949	0.0003963948691868678	0.002184347303541235	0.0025807421727281027	0.11082742134754776	0.08138300690778374	0.1186152435619698
145	2.514184836698556	0.117495427843	0.001561246256427643	0.014214583306166626	0.015775829562594268	0.13426760387363776	0.06813672137133968	0.15028847143958254
146	0.7437372666083312	0.0474756151629	0.0008916901387023442	0.0076090145657021395	0.008500704704404484	0.17905412442219634	0.10839347781217751	0.19386421282246416
147	1.4852112344912007	0.087905259366	0.001254316789894854	0.010656027097161187	0.011910343887056042	0.13549068591524463	0.08664551718184522	0.1451204595955896
148	0.323558368402848	0.0461143593438	0.0009857439983308775	0.008746022793954646	0.009731766792285525	0.21103549806961408	0.13157107503195453	0.22645033045504037
149	0.301882657035198	0.0505223342939	0.0012466367615545442	0.007743644620339823	0.008990281381894368	0.17794667462487532	0.13841589862619919	0.1865224829774056
150	1.0085986170735552	0.0566531811128	0.0007441097143800992	0.0045181549675955505	0.00526226468197565	0.09288559933633517	0.06638672774424974	0.09942144906743185
151	0.5261603750981332	0.0749279538905	0.0013048033999678347	0.014710465376574038	0.016015268776541875	0.21374224097923192	0.12018311663613888	0.22959574193832882
152	0.8379856239235417	0.0636568942585	0.0008506521096578733	0.008137749336045658	0.008988401445703531	0.14120075367180282	0.07054655482783714	0.1577117759729422
153	3.1483415484330632	0.113165041011	0.002355804547489579	0.013659526712480602	0.01601533125997018	0.14152189684120667	0.10708350853015577	0.14983244553530042
154	0.6145514317791243	0.0919315284859	0.001597084577568558	0.022137270115317242	0.0237343546928858	0.2581742638655251	0.131213632863504	0.2775488961381226
155	0.6789348167032457	0.280266293505	0.0021573761958784844	0.06031375646024315	0.062471132656121635	0.2228992001674981	0.10161567808511468	0.23283968551142933
156	0.2613035391382921	0.0837168864997	0.0007488638882731101	0.007942100138658877	0.008690964026931987	0.10381375120736852	0.07038218634025653	0.1086813703184899
157	1.4196178663779564	0.241344768344	0.004828732923007376	0.057921301307044655	0.06275003423005203	0.2600016344278034	0.18305991934815263	0.26944290002141447
158	1.3046171234318598	0.119217606961	0.001121093970729502	0.011931338318967578	0.01305243228969708	0.10948409905587984	0.062298247242847556	0.11787296045741794
159	0.8626021850362835	0.0409235757038	0.0008200352297868827	0.005764272845028058	0.00658430807481494	0.16089278518733896	0.09740288446490256	0.17733729326431452
160	1.1547350293191023	0.0897472844159	0.0013561946614158854	0.016946815192492425	0.01830300985390831	0.20393942806219686	0.10391709313907632	0.2209592971617305
161	0.26944369492460685	0.0192577865218	0.0002333837547433072	0.0015185646415515886	0.0017519483962948957	0.09097350800459038	0.05036539357857061	0.10384075942077446
162	1.2678143783541764	0.0867178840612	0.0012412115699749198	0.01761573560925146	0.01885694717922638	0.21745165237105954	0.096411629654014	0.2385540284878903
163	0.9281327055250204	0.0664694635336	0.0007209555291857377	0.008151150673082357	0.008872106202268094	0.1334764225648571	0.06360942029767105	0.14783888501687223
164	0.33540550252086365	0.0633583185546	0.0006820147699957837	0.006040631615093388	0.006722646385089172	0.10610518931766061	0.06370943899464918	0.11472479210877572
165	1.107939216567411	0.0407157503879	0.0011922843289388467	0.006373679154658982	0.007565963483597829	0.1858239971389243	0.12660631708914255	0.20364172937878117
166	0.2754597262629909	0.0266785358014	0.0006259345347538262	0.0034973441826298243	0.00412327871738365	0.15455416099601796	0.10516166429327783	0.16873846968514336
167	2.3432625827960076	0.0475351917535	0.001595766992232495	0.005659917369741069	0.007255684361973563	0.15263816331277621	0.11551685314815961	0.16784526411998743
168	0.8320209487648721	0.0463852250055	0.0015845226918078249	0.008034836412951349	0.009619359104759173	0.2073798090579462	0.13827168396073217	0.23005488453712172
169	1.4176715622019627	0.0661542618045	0.0013749233898835526	0.011665867965452641	0.013040791355336194	0.19712700285098592	0.11029951160190651	0.21728640566560684
170	0.5504067048487751	0.0310026878741	0.00150799950882592	0.008666823690238676	0.010174823199064596	0.3281916471368115	0.2081893124503053	0.36477631668464683
171	1.41881138951673	0.0589835956551	0.0010399551640651826	0.005068794254567267	0.00610874941863245	0.10356692145993039	0.08142742885828665	0.1096855831737264
172	0.5532005616178958	0.051803923742	0.0006197133586309717	0.0043798302406752995	0.004999543599306271	0.09650897534729325	0.06748405457536062	0.10276270315681048
173	1.0708854238335521	0.0593791565063	0.001542131760706943	0.011759095957159188	0.013301227717866132	0.22400499603679772	0.13899213531566473	0.24353993882377697
174	0.48353840432943007	0.0393738915983	0.0006809063683110132	0.004423014439648615	0.0051039208079596285	0.129627034584969	0.0986156276496753	0.13622167279542496
175	0.42286369411228725	0.0668165318111	0.0007885707486275379	0.0076672110874941865	0.008455781836121725	0.1265522409936489	0.08728091144447352	0.1326927855389659
176	0.8465036470580884	0.0820702172467	0.0013197613893706451	0.010173432263617041	0.011493193652987685	0.14004098001148632	0.10473347777813709	0.14644548206199112
177	1.350744975858119	0.0864345488805	0.0014857336749818527	0.009442308235641851	0.010928041910623704	0.12643141026547672	0.09178662477573413	0.13441442925637773
178	0.647770481966576	0.0317446242518	0.0009414242309648311	0.006259769148182439	0.00720119337914727	0.22684764897579143	0.14056316775779407	0.2499198462436197
179	0.3834761509486819	0.0783411383285	0.0006749677259509434	0.007737985795071742	0.008412953521022686	0.10738870662999873	0.06479546530323241	0.11392082870884203
180	1.069847171236629	0.211217717801	0.001638285606860789	0.026764227748292842	0.028402513355153633	0.1344703164623836	0.08471175410021443	0.1394855153412365
181	0.9873195159476538	0.0374459654179	0.0005079549554248655	0.0022483412008119587	0.0027562961562368244	0.07360729321513636	0.06387135341941655	0.07623257129224593
182	0.49477345310048343	0.139225642873	0.0018383412442786913	0.0347951168385776	0.036633458082856285	0.26312292281012417	0.13201086224958594	0.27769455396230247
183	1.2707296359169735	0.0464725116382	0.0013961623221667298	0.004525136811541287	0.0059212991337080165	0.1274150874350098	0.11947997600747674	0.13008056177704472
184	2.782887810969968	0.164909388162	0.002122934243526717	0.013676978605674147	0.015799912849200865	0.0958096626594347	0.07405209963549492	0.10038792556383504
185	0.5278243684600565	0.0456578363999	0.0007247154015674104	0.006768123454214317	0.0074928388557817275	0.16410849585935	0.09487948271998806	0.17801686470295272
186	0.786594184580547	0.0576639048991	0.000933190001782136	0.006789511803391274	0.007722701805173411	0.133926098461105	0.09489140823982453	0.14195205999784732
187	2.472905781441241	0.0807034194192	0.001752529763845241	0.008226331820691034	0.009978861584536276	0.12364855982995103	0.08795674030685913	0.13534934187956826
188	0.6001431881326115	0.167413683219	0.0014345352971603183	0.02522564667631628	0.0266601819734766	0.1592473294947673	0.08866539893628185	0.16679824785944794
189	0.2271055794244869	0.0370864276214	0.0002550682210370293	0.002400088998135277	0.0026551572191723066	0.07159377134621478	0.03888436777182095	0.078622440670545
190	1.0456568359731253	0.0874861449789	0.0016286006754730267	0.012916892150342736	0.014545492825815761	0.1662605299309639	0.12007956109198199	0.17473331606093848
191	0.5076695076399986	0.0334273165595	0.0005269825176800935	0.004468108458191523	0.004995090975871617	0.14943140790189616	0.08073761451088608	0.16609935158941638
192	0.41374391796088683	0.0648969186433	0.0006891025641025641	0.010186657017051999	0.010875759581154564	0.16758514592856785	0.07609067033835641	0.18242389789044255
193	1.4116935567603153	0.0238299434715	0.00018623593307861829	0.0003269268802621913	0.0005131628133408096	0.021534369729170194	0.020575179405912067	0.02212185300689441
194	0.168974706685195	0.0643995233873	0.0015169400724155768	0.01863754884574091	0.02015448891815649	0.31296021861768525	0.18483441658929123	0.33167323565066786
195	0.38316871149175175	0.0676450620705	0.0017628802795780249	0.02088787593290475	0.022650756212482775	0.33484714950631495	0.17920795360397682	0.361331943229435
196	2.4904435684919055	0.0810754267346	0.0016596386393173985	0.008518083247486536	0.010177721886803935	0.12553399096022708	0.08543638132118865	0.13816843492647474
197	0.19384764570877866	0.0538717856351	0.0006949760063635296	0.005828728576334103	0.006523704582697632	0.12109686927558266	0.09093652689502196	0.12608284169016534
198	1.4039437628235625	0.152044308357	0.0013166834013587701	0.018127072819817354	0.019443756221176122	0.1278821708700703	0.0641572598659717	0.13782586701814417
199	0.3795124663151928	0.0656360840168	0.0006933215538487619	0.008847493164856278	0.00954081471870504	0.1453592922493071	0.07552245166101454	0.1567155449209563
200	0.21324775412023703	0.0463949235203	0.000895091410538944	0.007950807068560077	0.008845898479099022	0.19066522386294302	0.13043431788221044	0.20112061507040696
201	0.5024413229488721	0.113958240967	0.002061980300876724	0.033068430764014764	0.03513041106489149	0.3082744237444888	0.16806944121522127	0.32518983572882937
202	0.11601555767557101	0.0403520560851	0.00028047995966287205	0.0037410132530068113	0.004021493212669683	0.09966018098770694	0.04608747084491167	0.10917490399038478
203	0.7148586697550386	0.0387843604522	0.00042743826637283154	0.0023759894115039054	0.002803427677876737	0.07228242634888414	0.05716813548360139	0.07589202388188697
204	1.4243986867859357	0.0841741021946	0.0022466324148812705	0.012517878410508517	0.014764510825389788	0.1754044348610917	0.15141744437059537	0.18053740014524328
205	1.7255367060172913	0.056132925072	0.001039180912888321	0.005603220450228418	0.006642401363116739	0.11833342649775111	0.07731964493441312	0.13124490141354134
206	1.8449123169460417	0.0422252549324	0.0009125215703661203	0.005892486123245574	0.006805007693611694	0.16115965917809383	0.08051116296405487	0.19074994547514018
207	0.3640051262916995	0.0343043393926	0.000500769361169429	0.003765020472831119	0.004265789834000547	0.12435131850757225	0.07992819418789188	0.13427751335246882
208	1.3617866521631843	0.184327200177	0.0010605801287484624	0.015898661115964895	0.016959241244713357	0.09200617829813826	0.052369454315214496	0.09689855557669391
209	0.5145733283159084	0.0414216637109	0.0005721037029309618	0.0032364378360521776	0.0038085415389831393	0.09194564384381017	0.0717812374841288	0.09674997401213634
