filename	area	circularity	circumference	imgmode	power	pxlincnt	pxlinmad	pxlinmean	pxlinmedian	pxlinsd	pxltotcnt	pxltotmad	pxltotmean	pxltotmedian	pxltotsd	scaleval	scalex	scaley
../data_2/XY/1_SmallOrgs_Day5/0.txt	3072.550973340847	0.7965558768307948	220.1640254533617	RGB	0.0015643314381169721	3145	11.860817748044816	41.3697933227345	40.666666666666664	11.020281880645323	2887040	23.72163549608963	32.125775765720824	25.666666666666668	20.70195642329186	1.0	1	1
../data_2/XY/1_SmallOrgs_Day5/1.txt	3493.6526280156104	0.5429398970611539	284.3602677268626	RGB	0.02781878236093419	3608	7.413011092528021	61.467110125646705	61.666666666666664	8.49638502903788	2887040	25.204237714595234	33.215531709524896	27.0	20.84819544803611	1.0	1	1
../data_2/XY/1_SmallOrgs_Day5/10.txt	14247.952466894552	0.20598395228292266	932.3188550116089	RGB	0.14821139161406932	14621	7.41301109252801	38.98946720470556	39.666666666666664	8.385480504282643	2887040	15.814423664059756	21.68491003472992	18.0	16.079443864156993	1.0	1	1
../data_2/XY/1_SmallOrgs_Day5/100.txt	11122.458875797485	0.5566256123077565	501.0992392374163	RGB	0.02514805513637579	11363	10.378215529539215	51.82272873947608	50.666666666666664	10.456878674298729	2887040	22.23903327758403	34.31179639584719	25.0	25.322271319194016	1.0	1	1
../data_2/XY/1_SmallOrgs_Day5/101.txt	26725.572492535306	0.3027754886876032	1053.1932903719626	RGB	0.10017677995638655	27251	13.343419966550416	27.764974985627436	19.333333333333332	24.513073394881744	2887040	22.23903327758403	34.29803062421491	26.0	24.699693325669692	1.0	1	1
../data_2/XY/1_SmallOrgs_Day5/102.txt	11338.045678064336	0.3333232092020931	653.7944896486786	RGB	0.07549945314980429	11630	11.860817748044816	30.297764402407566	11.333333333333334	32.72477540863676	2887040	21.74483253808216	36.73920532217541	29.0	23.97757831247477	1.0	1	1
../data_2/XY/1_SmallOrgs_Day5/103.txt	20857.246771663966	0.363682651742965	848.9304848831875	RGB	0.07818734716180305	21226	20.75643105907843	32.61267627752128	21.333333333333332	25.496538995605935	2887040	16.308624403561623	31.463024758922632	19.0	25.97832518984863	1.0	1	1
../data_2/XY/1_SmallOrgs_Day5/104.txt	5335.3961438021215	0.6818729653012342	313.5714623077334	RGB	0.013627539465111749	5477	22.239033277584035	33.53222567098777	24.333333333333332	26.325027660390063	2887040	18.779628101070955	36.66758664006501	28.0	22.57402469729293	1.0	1	1
../data_2/XY/1_SmallOrgs_Day5/105.txt	15465.066258005252	0.22502600864843436	929.318250145378	RGB	0.2269753329025151	15871	10.378215529539215	23.729548652678886	13.333333333333334	26.098678649856485	2887040	19.273828840572826	36.54579615569345	26.0	25.045076347646717	1.0	1	1
../data_2/XY/1_SmallOrgs_Day5/106.txt	2500.5365245351495	0.7789532888883568	200.8472203384877	RGB	0.0050916598803829325	2595	14.82602218505602	52.108670520231215	50.666666666666664	11.971546574738037	2887040	22.23903327758403	35.928528296571365	26.0	25.450939727419797	1.0	1	1
../data_2/XY/1_SmallOrgs_Day5/107.txt	4015.0733158193834	0.7822716373333097	253.9644216714607	RGB	0.006767412655779439	4126	17.791226622067224	53.88334141218291	67.66666666666667	29.505714495450647	2887040	23.721635496089633	37.022681939518215	26.0	25.945945320933586	1.0	1	1
../data_2/XY/1_SmallOrgs_Day5/108.txt	23982.775579180525	0.31802090371390807	973.4795217805984	RGB	0.07641502783375526	24342	14.82602218505602	52.79306000602526	71.66666666666667	32.557423893138214	2887040	20.26223031957656	36.954197263171494	24.0	26.39690141119066	1.0	1	1
../data_2/XY/1_SmallOrgs_Day5/109.txt	6160.301718272713	0.8280546617714785	305.75700841234607	RGB	0.0043346975792130475	6290	10.378215529539215	63.81441441441441	70.66666666666667	21.985246710399096	2887040	24.710036975093363	37.60820055604819	28.0	25.305532049069036	1.0	1	1
../data_2/XY/1_SmallOrgs_Day5/11.txt	5099.524362144184	0.309043227240639	455.3655297184207	RGB	0.056420443585785934	5289	13.343419966550417	39.78641205016702	39.666666666666664	12.55077580492448	2887040	24.71003697509337	25.25828807359787	20.666666666666668	21.028037571780697	1.0	1	1
../data_2/XY/1_SmallOrgs_Day5/12.txt	6629.839057963545	0.4285465885510898	440.917568544938	RGB	0.03975052577505002	6803	7.41301109252801	50.38546719584497	50.666666666666664	8.676392576658623	2887040	23.721635496089633	24.30256352527155	20.0	19.378677979669128	1.0	1	1
../data_2/XY/1_SmallOrgs_Day5/13.txt	6290.410337050904	0.40730214080993876	440.5407367772499	RGB	0.036940800206029585	6460	13.343419966550421	26.092724458204337	24.666666666666668	12.982222452310301	2887040	16.308624403561623	25.63404698237644	22.0	16.37917890446138	1.0	1	1
../data_2/XY/1_SmallOrgs_Day5/14.txt	10409.21388516355	0.3300933289012668	629.4996956550215	RGB	0.0913730811662219	10662	22.239033277584024	41.865097230038145	40.666666666666664	20.704120068119455	2887040	23.721635496089633	30.41767092477646	29.0	18.71552307677945	1.0	1	1
../data_2/XY/1_SmallOrgs_Day5/15.txt	17959.87642371359	0.2914126097712058	880.0400436873676	RGB	0.07845963615308967	18373	10.378215529539215	64.89580725339718	69.66666666666667	19.365710697491792	2887040	27.675241412104572	36.304091849552904	31.666666666666668	22.49988562783999	1.0	1	1
../data_2/XY/1_SmallOrgs_Day5/16.txt	6966.798439277343	0.4834161498163019	425.5601736228907	RGB	0.056623462393080415	7176	13.343419966550417	55.91504087699739	57.666666666666664	17.971753108167768	2887040	33.60565028612698	32.2369912898101	31.666666666666668	23.11687845965999	1.0	1	1
../data_2/XY/1_SmallOrgs_Day5/17.txt	5708.930800953858	0.27526857352875866	510.50970814351393	RGB	0.25447222237866607	5889	11.860817748044816	44.04862172411842	42.666666666666664	13.502334800736037	2887040	28.16944215160644	32.027473929468705	28.0	21.53921898616817	1.0	1	1
../data_2/XY/1_SmallOrgs_Day5/18.txt	10553.538077362078	0.46993813902807385	531.2312642021077	RGB	0.0261132561000167	10788	25.204237714595234	35.70247806204424	32.666666666666664	19.13216722923325	2887040	31.134646588617642	31.014437740153696	27.0	23.659955032947448	1.0	1	1
../data_2/XY/1_SmallOrgs_Day5/19.txt	4618.034271880351	0.7391978637070586	280.19033874230695	RGB	0.006942448733407498	4692	16.308624403561616	42.83667235009946	42.666666666666664	16.318149574089887	2887040	29.157843630610174	29.88883816411733	28.666666666666668	20.67919284958026	1.0	1	1
../data_2/XY/1_SmallOrgs_Day5/2.txt	5682.683014691902	0.7164589870855773	315.7082859325594	RGB	0.0072717429476094435	5805	14.82602218505602	37.948205569911	36.666666666666664	15.071707152128237	2887040	24.71003697509337	33.57154363407965	31.666666666666668	19.452405280399077	1.0	1	1
../data_2/XY/1_SmallOrgs_Day5/20.txt	7839.495226583604	0.39852787278082846	497.1868476325811	RGB	0.050619658095648605	8041	8.895613311033612	46.89872735563569	46.666666666666664	8.919536781429414	2887040	24.71003697509337	25.082494527266686	22.666666666666668	19.345650669120882	1.0	1	1
../data_2/XY/1_SmallOrgs_Day5/21.txt	43752.274009988825	0.12332246108449543	2111.466306318099	RGB	0.22877672661222076	44610	8.895613311033612	53.92181872524844	55.666666666666664	11.706641835726478	2887040	24.71003697509337	30.895841646345975	28.666666666666668	19.53145091142578	1.0	1	1
../data_2/XY/1_SmallOrgs_Day5/22.txt	19630.86398044011	0.2920847730918527	919.0098801613701	RGB	0.07124480283666816	20042	10.378215529539224	60.92464158600272	61.666666666666664	11.077549738141196	2887040	31.134646588617642	34.978011850661346	31.0	23.653388878585297	1.0	1	1
../data_2/XY/1_SmallOrgs_Day5/23.txt	10608.492106428414	0.4046995467884558	573.9385573850086	RGB	0.11200822754884297	10828	14.82602218505602	51.891638960719106	53.666666666666664	15.412650847098321	2887040	32.123048067621376	32.979753311350024	30.666666666666668	23.121829911737315	1.0	1	1
../data_2/XY/1_SmallOrgs_Day5/24.txt	24516.63324797574	0.3592362946880493	926.0730441296012	RGB	0.06709410337408513	24880	8.895613311033612	50.36235262593783	53.666666666666664	13.146624725022699	2887040	29.157843630610174	31.64030437172094	30.666666666666668	21.19402627996145	1.0	1	1
../data_2/XY/1_SmallOrgs_Day5/25.txt	5728.719937413625	0.6371898746116398	336.1238231349642	RGB	0.010010413778051374	5865	22.23903327758403	45.65672065927821	47.666666666666664	20.479741965690533	2887040	35.58245324413445	32.86171026379959	28.0	26.34008936379811	1.0	1	1
../data_2/XY/1_SmallOrgs_Day5/26.txt	8153.265078270386	0.516077626771988	445.56718370098463	RGB	0.05233703362156761	8363	7.41301109252801	67.30638925425484	68.66666666666667	11.522883862291362	2887040	37.06505546264005	33.452251094546625	30.0	26.0652433650354	1.0	1	1
../data_2/XY/1_SmallOrgs_Day5/27.txt	13416.342201610663	0.4124857366917899	639.3188766025136	RGB	0.036722602288731115	13647	11.860817748044816	63.691898097261905	66.66666666666667	15.108501357927622	2887040	31.134646588617642	33.391361163452316	24.0	29.724499849390032	1.0	1	1
../data_2/XY/1_SmallOrgs_Day5/28.txt	5445.8518636071385	0.704773529420639	311.6111949806861	RGB	0.012008316732649385	5577	5.930408874022408	69.24218516526209	69.66666666666667	8.93958853883672	2887040	39.53605916014939	34.729740610914064	30.666666666666668	28.358426922235093	1.0	1	1
../data_2/XY/1_SmallOrgs_Day5/29.txt	30082.396268821714	0.38201195077078376	994.769981029147	RGB	0.05285192106226883	30462	23.721635496089643	52.6078173899722	60.666666666666664	26.708980973952933	2887040	25.204237714595234	33.90982598093553	21.0	29.351201129765254	1.0	1	1
../data_2/XY/1_SmallOrgs_Day5/3.txt	5124.910528327484	0.5208188350781677	351.6452335053793	RGB	0.04452083762744589	5282	20.756431059078437	51.86356178215323	56.666666666666664	22.041740882987032	2887040	19.273828840572826	37.05431953373231	29.0	20.100982224993075	1.0	1	1
../data_2/XY/1_SmallOrgs_Day5/30.txt	5442.189923535821	0.3255635301562795	458.32537711820044	RGB	0.02511781985870445	5603	10.378215529539215	35.87869593670058	8.333333333333334	37.757019211179056	2887040	31.134646588617642	37.521881581135005	25.0	29.95058221534684	1.0	1	1
../data_2/XY/1_SmallOrgs_Day5/31.txt	3290.439886970802	0.8206316315478864	224.46973096997138	RGB	0.005657657972145498	3393	11.860817748044818	22.0538363296984	14.666666666666666	24.00493850923398	2887040	24.2158362355915	33.86731138697995	20.333333333333332	29.532234266203883	1.0	1	1
../data_2/XY/1_SmallOrgs_Day5/32.txt	7586.314535990554	0.5259953673395733	425.7252360324065	RGB	0.026612469559883965	7763	7.41301109252801	68.63957233028466	69.66666666666667	9.7373803422098	2887040	40.030259899651256	36.235548635742255	35.666666666666664	26.898498303920327	1.0	1	1
../data_2/XY/1_SmallOrgs_Day5/33.txt	9650.345774741254	0.20513771104788867	768.8712407285878	RGB	0.08674445082711135	10005	13.343419966550417	36.141395968682325	10.333333333333334	36.61833255866896	2887040	17.791226622067224	33.7087686119116	15.0	31.400375589048974	1.0	1	1
../data_2/XY/1_SmallOrgs_Day5/34.txt	15708.516345026383	0.33823241077418176	763.9499478790799	RGB	0.09821553551517734	16030	10.378215529539215	59.993803285506345	72.66666666666667	29.22844231263671	2887040	28.16944215160644	35.70299337729995	24.0	28.664396502450355	1.0	1	1
../data_2/XY/1_SmallOrgs_Day5/35.txt	7102.911818790497	0.5148637201460334	416.3676682486908	RGB	0.032915956695127264	7289	8.895613311033612	60.22810627886769	75.66666666666667	31.321278611009703	2887040	29.65204437011204	35.57956626856574	24.0	30.07571896832103	1.0	1	1
../data_2/XY/1_SmallOrgs_Day5/36.txt	16067.84150194381	0.33781172113931446	773.1189961867885	RGB	0.09554058878254185	16413	10.378215529539215	62.529234956030784	72.66666666666667	26.70391889657232	2887040	31.134646588617642	35.96969525881178	26.0	28.15904844129746	1.0	1	1
../data_2/XY/1_SmallOrgs_Day5/37.txt	7188.498167673977	0.548990344305524	405.64082950638846	RGB	0.03111278417580432	7330	8.895613311033612	58.60468394724874	75.66666666666667	31.92715379107625	2887040	29.65204437011204	35.54581485997192	24.0	30.12909017992432	1.0	1	1
../data_2/XY/1_SmallOrgs_Day5/38.txt	12056.211199024918	0.4119969316731973	606.4058256183808	RGB	0.08112001132942656	12341	13.343419966550428	56.091456662074926	63.666666666666664	24.512519212694965	2887040	8.895613311033612	30.639744744328695	9.0	32.40292583947193	1.0	1	1
../data_2/XY/1_SmallOrgs_Day5/39.txt	12499.954495965168	0.30363065816673374	719.2607102596276	RGB	0.10416774828071157	12766	11.860817748044816	53.498903336988874	54.666666666666664	16.184718381018826	2887040	37.06505546264005	36.25645182147344	29.0	29.85157478081399	1.0	1	1
../data_2/XY/1_SmallOrgs_Day5/4.txt	3901.797716398163	0.5283783138186045	304.62448980081894	RGB	0.04629377320082388	4034	13.343419966550428	58.96248553958023	58.666666666666664	13.038257890664314	2887040	20.75643105907843	37.96013298511046	29.0	20.907121035565858	1.0	1	1
../data_2/XY/1_SmallOrgs_Day5/40.txt	17947.940399425068	0.29432203576470006	875.3885302246028	RGB	0.12563756943108842	18305	28.16944215160645	49.93531821906583	52.666666666666664	21.78372955847649	2887040	38.05345694164379	36.90223989507129	31.0	28.86237363850314	1.0	1	1
../data_2/XY/1_SmallOrgs_Day5/41.txt	9857.430011054232	0.6658352188253547	431.3237789908518	RGB	0.021182136300837297	10056	5.930408874022408	68.605343410236	69.66666666666667	9.475189200044145	2887040	40.030259899651256	37.28999621296093	33.0	28.03845232376465	1.0	1	1
../data_2/XY/1_SmallOrgs_Day5/42.txt	10496.932840800611	0.3637806450715482	602.1661616384054	RGB	0.05567268800417899	10739	4.447806655516806	22.722351553527645	22.666666666666668	5.507314398355002	2887040	7.41301109252801	17.381401019729555	8.0	20.462336786281668	1.0	1	1
../data_2/XY/1_SmallOrgs_Day5/43.txt	10263.509166563825	0.6454948751609381	446.99891604440495	RGB	0.03135227658803328	10463	8.895613311033612	53.76029819363471	78.0	36.25908470264349	2887040	18.77962810107096	33.03985269803443	15.666666666666666	31.70878896863222	1.0	1	1
../data_2/XY/1_SmallOrgs_Day5/44.txt	17714.943135867274	0.3004318806725895	860.799101679894	RGB	0.1414075587839834	18115	8.895613311033607	27.502714141135343	26.666666666666668	11.238458550319589	2887040	14.82602218505602	22.514159946981458	18.666666666666668	17.39614241617362	1.0	1	1
../data_2/XY/1_SmallOrgs_Day5/45.txt	5456.519972109345	0.47878100397703105	378.43766227053516	RGB	0.08225398476616388	5626	7.41301109252801	32.11470553383103	31.666666666666668	9.435316439627476	2887040	14.331821445554151	22.045702403384315	15.666666666666666	18.944816511844397	1.0	1	1
../data_2/XY/1_SmallOrgs_Day5/46.txt	27220.837474780514	0.18017250962615983	1377.8800411475634	RGB	0.22866234557510032	27791	35.582453244134456	45.83741738932269	58.666666666666664	32.23178951753886	2887040	26.686839933100835	35.50022514409225	25.0	26.600160490520214	1.0	1	1
../data_2/XY/1_SmallOrgs_Day5/47.txt	30147.036840624438	0.32773267034056064	1075.1458416827775	RGB	0.06394520180966659	30600	8.895613311033612	66.83399782135075	71.66666666666667	19.164396368183844	2887040	35.58245324413445	38.2485224774625	34.0	26.264902315077236	1.0	1	1
../data_2/XY/1_SmallOrgs_Day5/48.txt	7348.261060651414	0.6984177021551747	363.61316696514575	RGB	0.008019609013387444	7479	8.895613311033623	66.24673530329366	67.66666666666667	12.488044063140128	2887040	22.23903327758403	33.29474155767381	19.0	29.614379562913527	1.0	1	1
../data_2/XY/1_SmallOrgs_Day5/49.txt	21645.461231209767	0.15625960575643721	1319.3651005886761	RGB	0.15875019633121357	22243	14.82602218505602	51.816151897975395	72.66666666666667	34.06654272663411	2887040	31.134646588617642	33.68855771539939	26.0	27.159996689062556	1.0	1	1
../data_2/XY/1_SmallOrgs_Day5/5.txt	10692.114514431341	0.19727043387139842	825.2883848568811	RGB	0.2366544852210355	10999	5.930408874022408	56.51356183895504	57.666666666666664	6.751334898259632	2887040	23.227434756587765	34.73868010141874	28.666666666666668	21.200473966938738	1.0	1	1
../data_2/XY/1_SmallOrgs_Day5/50.txt	8959.440209581131	0.41186041466376433	522.8418511027285	RGB	0.04604726167515122	9175	10.378215529539215	62.92174386920981	64.66666666666667	14.63797801439041	2887040	35.58245324413445	34.45001708785932	29.0	27.05622545491095	1.0	1	1
../data_2/XY/1_SmallOrgs_Day5/51.txt	14696.40486156987	0.5071036152741407	603.4789588576821	RGB	0.048655240538299456	14932	19.273828840572836	51.2253772658273	56.666666666666664	21.613121100410734	2887040	35.088252504632585	29.150275830377566	27.666666666666668	25.13523732126611	1.0	1	1
../data_2/XY/1_SmallOrgs_Day5/52.txt	9262.027463572183	0.19305648945210005	776.4540540907851	RGB	0.04801440602771896	9556	19.273828840572826	52.68857262452908	58.666666666666664	21.162393515873287	2887040	36.57085472313818	31.030220110101226	28.666666666666668	26.185551454536014	1.0	1	1
../data_2/XY/1_SmallOrgs_Day5/53.txt	4731.643623829368	0.7490208317775804	281.75004712287864	RGB	0.0042196868121864356	4836	13.343419966550428	59.703267162944584	63.666666666666664	18.15386927765648	2887040	35.58245324413445	32.385917987511995	28.0	27.372645416963206	1.0	1	1
../data_2/XY/1_SmallOrgs_Day5/54.txt	15373.375778689526	0.43767530708471236	664.375381018152	RGB	0.07442418357989222	15656	8.895613311033623	62.34400017032873	63.666666666666664	14.028907529236264	2887040	31.13464658861764	28.30485110470698	26.666666666666668	22.466457912711174	1.0	1	1
../data_2/XY/1_SmallOrgs_Day5/55.txt	7389.2755034827605	0.4907407018321882	434.9905495901714	RGB	0.03768341901228575	7568	8.895613311033612	64.97172304439745	75.66666666666667	26.100537203690436	2887040	28.169442151606432	35.99563024181631	24.666666666666668	27.712903666638784	1.0	1	1
../data_2/XY/1_SmallOrgs_Day5/56.txt	4842.727417251568	0.7713504466499299	280.88210852912147	RGB	0.0013209608243588032	4950	7.41301109252801	69.88909090909091	75.66666666666667	20.424076919870153	2887040	36.57085472313818	35.87613818998005	32.666666666666664	25.72908574599101	1.0	1	1
../data_2/XY/1_SmallOrgs_Day5/57.txt	3254.1539873792353	0.7215106262563709	238.06887307920326	RGB	0.0027795430199911743	3339	5.930408874022408	58.240491165019456	57.666666666666664	9.229947962009236	2887040	34.099851025628844	38.87386296460506	38.0	24.83038675377794	1.0	1	1
../data_2/XY/1_SmallOrgs_Day5/58.txt	21905.88016191295	0.37352093970437567	858.4753095165456	RGB	0.04899888599341245	22286	26.686839933100845	51.0366747434862	58.666666666666664	26.033113070882468	2887040	33.60565028612697	35.78873621425408	30.0	26.564368318560938	1.0	1	1
../data_2/XY/1_SmallOrgs_Day5/59.txt	8203.71364208121	0.5123008027873457	448.5880085712664	RGB	0.05063377052030288	8369	13.343419966550417	59.228820647628154	63.666666666666664	16.915335842490745	2887040	19.273828840572826	33.909290715288556	17.0	29.806231793532348	1.0	1	1
../data_2/XY/1_SmallOrgs_Day5/6.txt	5530.051473501859	0.4202581340102396	406.64127175293686	RGB	0.033594553135976694	5721	11.860817748044816	45.750101963526184	43.666666666666664	13.56256622708111	2887040	22.23903327758403	34.137040475134846	26.0	21.648492790482173	1.0	1	1
../data_2/XY/1_SmallOrgs_Day5/60.txt	14253.512141366453	0.26458548359986384	822.7783784520641	RGB	0.11375852541049017	14575	10.378215529539215	60.078261863922236	71.66666666666667	28.351307326637432	2887040	11.860817748044816	28.608784083351797	15.0	27.22813215009742	1.0	1	1
../data_2/XY/1_SmallOrgs_Day5/61.txt	33716.07787457445	0.15632440077903068	1646.304138151528	RGB	0.14523651916728536	34382	25.698438454097094	49.04300699978671	64.66666666666667	31.542688361458264	2887040	26.686839933100835	35.689830760917715	25.0	26.451011829750794	1.0	1	1
../data_2/XY/1_SmallOrgs_Day5/62.txt	4233.022381112118	0.7380767362865557	268.4599196941578	RGB	0.007476130439055115	4324	25.204237714595244	50.25061671292014	62.666666666666664	28.919625886485804	2887040	23.721635496089633	36.74651476945247	25.0	26.128358488266983	1.0	1	1
../data_2/XY/1_SmallOrgs_Day5/63.txt	22166.06143384815	0.5731102517157219	697.1562252144231	RGB	0.01560675847394652	22464	25.204237714595234	33.70183404558404	25.666666666666668	24.941630177567173	2887040	23.227434756587765	35.494480967819406	24.666666666666668	26.346539338068496	1.0	1	1
../data_2/XY/1_SmallOrgs_Day5/64.txt	5353.894320716878	0.39009348515949643	415.2938316464186	RGB	0.05713428206236683	5516	37.06505546264006	42.72020788010636	58.666666666666664	33.4625124684758	2887040	17.791226622067224	31.893643431796377	19.0	27.086980246959904	1.0	1	1
../data_2/XY/1_SmallOrgs_Day5/65.txt	12695.05865942085	0.3700791733583228	656.560823757105	RGB	0.03868816768594744	12982	38.547657681145665	48.17816977353258	52.666666666666664	29.848047195079577	2887040	20.262230319576563	33.27285755191013	18.0	28.383681225474444	1.0	1	1
../data_2/XY/1_SmallOrgs_Day5/66.txt	8808.91167113481	0.44506477051024335	498.7173190315759	RGB	0.019474461976602735	9027	11.860817748044816	59.50758834607288	64.66666666666667	20.478023798282408	2887040	32.123048067621376	32.16606351141653	25.666666666666668	26.996133226152008	1.0	1	1
../data_2/XY/1_SmallOrgs_Day5/67.txt	7996.383786696584	0.11321499138371055	942.1060181198445	RGB	0.13320713440542015	8436	10.378215529539215	56.12739054844317	57.666666666666664	13.042118632306213	2887040	32.61724880712325	32.40373600642872	27.0	24.70869665193929	1.0	1	1
../data_2/XY/1_SmallOrgs_Day5/68.txt	9248.898106469947	0.44161608806781394	513.0119555487634	RGB	0.07155346439868228	9463	4.447806655516806	70.81140582620029	72.66666666666667	11.376528344153988	2887040	33.60565028612698	32.32949087415946	29.666666666666668	24.43976136149234	1.0	1	1
../data_2/XY/1_SmallOrgs_Day5/69.txt	7517.038298964166	0.7678549296786009	350.74276804332027	RGB	0.004074556201714637	7690	11.860817748044816	50.90663198959688	51.666666666666664	11.93651429800297	2887040	27.675241412104572	28.037337780795106	23.666666666666668	22.50326643591137	1.0	1	1
../data_2/XY/1_SmallOrgs_Day5/7.txt	10116.231595642603	0.43755399095411085	539.01206823097	RGB	0.0309782913131749	10362	11.860817748044811	26.272920285659144	26.666666666666668	13.32364121811409	2887040	17.791226622067224	22.89976989119189	18.666666666666668	18.202735943024614	1.0	1	1
../data_2/XY/1_SmallOrgs_Day5/70.txt	36227.63005564299	0.20331764877226402	1496.3643565871064	RGB	0.09503664385797554	36828	8.895613311033612	40.75737663372072	41.666666666666664	11.362985654775368	2887040	15.814423664059754	21.00107630421933	14.666666666666666	18.558312827953127	1.0	1	1
../data_2/XY/1_SmallOrgs_Day5/71.txt	11256.408712628152	0.45109046159610205	559.9806713312591	RGB	0.047520012967606065	11481	5.930408874022408	43.21406381557936	43.666666666666664	8.461488301479903	2887040	11.366617008542947	19.61782529280276	10.666666666666666	18.960498779113358	1.0	1	1
../data_2/XY/1_SmallOrgs_Day5/72.txt	16138.553606878293	0.16903684136584757	1095.333958250448	RGB	0.20213146410769686	16574	10.378215529539215	41.06984835686416	39.666666666666664	11.577633014531834	2887040	17.297025882565357	22.542523137885173	14.666666666666666	21.01865205531062	1.0	1	1
../data_2/XY/1_SmallOrgs_Day5/73.txt	4202.723356278249	0.6308002957314125	289.35060160326634	RGB	0.014989739171246979	4323	7.413011092528021	62.31228313671062	62.666666666666664	8.449882426126955	2887040	34.099851025628844	34.47192060611096	34.0	24.21013389555925	1.0	1	1
../data_2/XY/1_SmallOrgs_Day5/74.txt	16187.935051247463	0.5047888935623333	634.8129288350057	RGB	0.058876420063481434	16451	13.343419966550417	52.40052276457357	55.666666666666664	18.807174220768456	2887040	28.169442151606432	31.220809664339015	27.666666666666668	22.057886153337797	1.0	1	1
../data_2/XY/1_SmallOrgs_Day5/75.txt	21378.949111284164	0.36719011631742043	855.3672485641272	RGB	0.05813999925282498	21699	10.378215529539215	50.541545693349924	50.666666666666664	10.331997441163274	2887040	26.192639193598964	31.916484357681203	30.0	20.518634310797957	1.0	1	1
../data_2/XY/1_SmallOrgs_Day5/76.txt	7781.474008285375	0.45917182771134746	461.4750764866548	RGB	0.038632328469853275	7994	26.686839933100845	47.97035276457343	55.666666666666664	26.676550312290843	2887040	27.675241412104572	34.257058440478836	26.666666666666668	25.296748739659908	1.0	1	1
../data_2/XY/1_SmallOrgs_Day5/77.txt	12465.254626295362	0.26914570296681917	762.8897570404145	RGB	0.05062627628875355	12793	14.82602218505602	54.592381250162845	68.66666666666667	29.11826186463272	2887040	30.64044584911578	37.002583961427604	31.666666666666668	24.32132447594448	1.0	1	1
../data_2/XY/1_SmallOrgs_Day5/78.txt	4637.107949721831	0.5454929736267004	326.8390614047482	RGB	0.0198640765759253	4793	20.75643105907843	38.52249808748869	15.333333333333334	35.842111264266485	2887040	15.814423664059754	35.53566074595437	21.0	26.594141588874297	1.0	1	1
../data_2/XY/1_SmallOrgs_Day5/79.txt	12105.086399897365	0.20824656050617613	854.6729524885402	RGB	0.15021066416999088	12434	16.308624403561623	33.2721569889014	14.333333333333334	33.43082670165713	2887040	22.23903327758403	36.46469844546665	25.0	26.382936149530902	1.0	1	1
../data_2/XY/1_SmallOrgs_Day5/8.txt	16728.653402448275	0.34504311881381483	780.546423764418	RGB	0.03260770873409687	17037	8.895613311033612	53.767995147815526	53.666666666666664	10.365266142780332	2887040	27.675241412104572	30.130262136998464	27.666666666666668	20.893227020627556	1.0	1	1
../data_2/XY/1_SmallOrgs_Day5/80.txt	22264.281549105843	0.1527233799526907	1353.4945494900187	RGB	0.16948687763911607	22843	14.82602218505602	44.22584599220768	44.666666666666664	16.19311016890805	2887040	20.756431059078423	38.573374459654204	31.666666666666668	21.560585308140926	1.0	1	1
../data_2/XY/1_SmallOrgs_Day5/81.txt	14652.000934461168	0.23434149148914574	886.3980786343072	RGB	0.042847513867684164	14972	8.895613311033612	65.20856710303677	68.66666666666667	16.742884419660783	2887040	18.779628101070962	37.587536946722835	28.666666666666668	22.35070593649718	1.0	1	1
../data_2/XY/1_SmallOrgs_Day5/82.txt	16869.288222031377	0.1863240659179199	1066.6423794004013	RGB	0.12758129376010244	17311	10.378215529539215	49.93649509945506	48.666666666666664	14.394704420041702	2887040	19.273828840572826	38.14000094675976	29.0	22.61623052356484	1.0	1	1
../data_2/XY/1_SmallOrgs_Day5/83.txt	9911.937072310939	0.29733842013117867	647.2300687318055	RGB	0.1503148960886527	10168	10.378215529539215	62.16971544715446	66.66666666666667	19.524777741586718	2887040	17.791226622067224	38.514283718502895	28.0	23.768130706032355	1.0	1	1
../data_2/XY/1_SmallOrgs_Day5/84.txt	10822.043391150866	0.5329492235037155	505.14568850602456	RGB	0.0515541291503857	11026	8.895613311033612	59.107654634500264	58.666666666666664	9.324518246096863	2887040	17.791226622067224	37.33357775899654	26.0	24.660491250173692	1.0	1	1
../data_2/XY/1_SmallOrgs_Day5/85.txt	28218.210831302902	0.28600387221387863	1113.483311701085	RGB	0.07402150363672792	28731	22.239033277584042	55.388302994442704	58.666666666666664	20.414564818005253	2887040	16.80282514306349	37.31253082742186	24.666666666666668	24.90949845236142	1.0	1	1
../data_2/XY/1_SmallOrgs_Day5/86.txt	17350.8891171122	0.14492047902041225	1226.5942338519349	RGB	0.32872966589855623	17739	13.343419966550417	59.930849164740586	68.66666666666667	23.53025211957174	2887040	16.308624403561623	37.656932359787184	28.0	23.07532637333766	1.0	1	1
../data_2/XY/1_SmallOrgs_Day5/87.txt	13317.477806225615	0.30773530721457876	737.4409656638466	RGB	0.06401635489512972	13645	17.791226622067228	30.59506534750214	22.333333333333332	24.347221158166573	2887040	16.308624403561623	37.96592911771226	27.0	23.35074451195388	1.0	1	1
../data_2/XY/1_SmallOrgs_Day5/88.txt	4834.211023387674	0.6500399484722053	305.70159916204847	RGB	0.01217011761132551	4962	13.343419966550417	56.95284159613059	71.66666666666667	30.321862568846154	2887040	22.23903327758403	37.06355355889308	27.0	24.69634460479839	1.0	1	1
../data_2/XY/1_SmallOrgs_Day5/89.txt	9642.288536305	0.39038313295620447	557.1209257017242	RGB	0.09817429490346932	9857	13.343419966550417	57.14801663792229	72.66666666666667	30.921282710367112	2887040	28.16944215160644	35.711679898211756	26.0	26.244801235056443	1.0	1	1
../data_2/XY/1_SmallOrgs_Day5/9.txt	20881.842916745445	0.24275926439867723	1039.6841850237524	RGB	0.22929159742030117	21326	8.895613311033612	35.877114007940236	34.666666666666664	9.625923945417924	2887040	17.297025882565357	23.92180145292988	18.666666666666668	18.081516087291547	1.0	1	1
../data_2/XY/1_SmallOrgs_Day5/90.txt	9849.144429674736	0.3825475877839989	568.8024405554743	RGB	0.04491363369050052	10128	11.860817748044816	59.2551671932596	61.666666666666664	19.78835046529641	2887040	19.273828840572826	35.66143050783271	25.0	24.73641214238837	1.0	1	1
../data_2/XY/1_SmallOrgs_Day5/91.txt	7189.247247055602	0.29328977472315326	555.0066424873671	RGB	0.10857368678010786	7406	13.343419966550417	54.14749302367449	73.66666666666667	33.31326360344071	2887040	17.791226622067224	36.844587536023035	26.0	24.163274510041955	1.0	1	1
../data_2/XY/1_SmallOrgs_Day5/92.txt	8600.168020115976	0.6130703116360348	419.85879715312205	RGB	0.0419659449102782	8819	8.895613311033612	63.47586650035907	70.66666666666667	22.285079510134032	2887040	28.663642891108303	36.481777068092825	25.666666666666668	28.342241190781778	1.0	1	1
../data_2/XY/1_SmallOrgs_Day5/93.txt	38004.39791351314	0.3417369286142332	1182.1590311325576	RGB	0.1013953416747128	38489	20.75643105907843	53.34078134878363	56.666666666666664	20.260554394174	2887040	32.61724880712325	37.74449747838619	28.0	28.67304333253864	1.0	1	1
../data_2/XY/1_SmallOrgs_Day5/94.txt	3645.589737553899	0.7945222492712554	240.12412582594493	RGB	0.004952268639291628	3742	8.895613311033612	63.2655442722252	73.66666666666667	26.734097800379093	2887040	19.273828840572826	34.67175965694967	20.0	28.171214174043186	1.0	1	1
../data_2/XY/1_SmallOrgs_Day5/95.txt	10757.54632901449	0.36407913765377176	609.3455553088149	RGB	0.028233630353891575	11021	5.9304088740224055	15.261772978858543	12.333333333333334	16.006747077932367	2887040	12.84921922704855	28.361731854540746	17.0	25.102300317555425	1.0	1	1
../data_2/XY/1_SmallOrgs_Day5/96.txt	7298.773908780109	0.4385428059715021	457.32389313451574	RGB	0.02250326441074392	7477	7.41301109252801	68.31692746645267	72.66666666666667	19.35009929762573	2887040	22.23903327758403	36.91171061017512	22.0	28.031912951680546	1.0	1	1
../data_2/XY/1_SmallOrgs_Day5/97.txt	8058.569358788402	0.6845545917234703	384.6182275429259	RGB	0.013304742927305026	8231	22.239033277584028	39.14437289920221	16.333333333333332	35.35219410966729	2887040	8.895613311033612	26.51575050339909	10.0	28.73958517913994	1.0	1	1
../data_2/XY/1_SmallOrgs_Day5/98.txt	3782.720222005715	0.8070953284173226	242.68594535060313	RGB	0.00481381232080635	3869	8.895613311033612	69.36477987421382	71.66666666666667	12.731090183018395	2887040	23.721635496089633	36.10745885058747	22.0	28.624439935465144	1.0	1	1
../data_2/XY/1_SmallOrgs_Day5/99.txt	13428.798155050994	0.4671874761570726	601.0047562841421	RGB	0.05850590700016052	13696	5.930408874022408	68.80283781152647	70.66666666666667	13.811219494961307	2887040	33.11144954662511	36.260515960984286	29.333333333333332	27.557816642074563	1.0	1	1
../data_2/XY/4_LargeOrgs_Day0/110.txt	14415.910212569965	0.46591015806926706	623.5551589725692	RGB	0.015565941962243935	14645	14.82602218505602	38.52493456242176	10.333333333333334	37.82516821407981	2887040	35.08825250463258	39.52764319164264	39.0	25.621655722563283	1.0	1	1
../data_2/XY/4_LargeOrgs_Day0/111.txt	9193.752735811868	0.49735193266363037	481.96936752595144	RGB	0.008988266697885711	9395	31.134646588617652	45.26677310626219	53.666666666666664	24.665006104906425	2887040	28.16944215160644	43.3631066190054	47.0	24.097928706300813	1.0	1	1
../data_2/XY/4_LargeOrgs_Day0/112.txt	46283.28148187894	0.4690404551547084	1113.5554610669112	RGB	0.018779664869193774	46723	7.41301109252801	33.47404918348565	33.333333333333336	8.095930298819058	2887040	19.273828840572826	29.939518561109875	25.0	20.67237152569911	1.0	1	1
../data_2/XY/4_LargeOrgs_Day0/113.txt	14800.58217064922	0.5141948195993558	601.4236233282031	RGB	0.011721106485953873	15040	7.41301109252801	27.858178191489355	28.333333333333332	7.336357193467276	2887040	18.28542736156909	24.642389436931953	20.333333333333332	19.710024301580237	1.0	1	1
../data_2/XY/4_LargeOrgs_Day0/114.txt	8844.643084719552	0.540482608059362	453.4759155617194	RGB	0.008036139688059987	9012	16.308624403561623	35.79997040982394	12.333333333333334	35.42549379044004	2887040	32.61724880712325	37.14686737973844	27.0	29.973151060080703	1.0	1	1
../data_2/XY/4_LargeOrgs_Day0/115.txt	37527.28130829688	0.5329038173461853	940.7063329954262	RGB	0.007877566638663168	37867	20.75643105907843	49.56155315534195	68.66666666666667	32.5329595574314	2887040	36.57085472313818	38.33681001995126	32.0	28.429532549521078	1.0	1	1
../data_2/XY/4_LargeOrgs_Day0/116.txt	27143.334617612876	0.560083006795775	780.3875536539931	RGB	0.005963561546349495	27460	14.82602218505602	31.689961155620303	15.333333333333334	30.660538623557873	2887040	30.64044584911577	36.98620351640436	30.0	26.48126471682766	1.0	1	1
../data_2/XY/4_LargeOrgs_Day0/117.txt	30875.00526627986	0.5087665222771219	873.2713034668093	RGB	0.0062058317070354235	31210	14.82602218505602	50.13690056605788	71.66666666666667	33.1333823309911	2887040	19.273828840572826	29.686750096985154	24.0	23.009851048195948	1.0	1	1
../data_2/XY/4_LargeOrgs_Day0/118.txt	39275.27428095299	0.46317738656470336	1032.264213188053	RGB	0.010292344153990175	39687	20.75643105907843	35.814658032437144	19.333333333333332	32.04098543229155	2887040	17.791226622067224	29.6570507047587	22.0	23.534941746231233	1.0	1	1
../data_2/XY/4_LargeOrgs_Day0/119.txt	29892.80877260154	0.3432100948678148	1046.184466200973	RGB	0.014513451355871981	30262	11.860817748044822	29.735047253981893	27.333333333333332	16.392449553150136	2887040	11.860817748044816	26.63792950565286	18.0	23.709467629277995	1.0	1	1
../data_2/XY/4_LargeOrgs_Day0/120.txt	16479.117278859587	0.41854717664743385	703.3956787448353	RGB	0.02074639919351124	16729	23.227434756587765	43.43933688006853	42.333333333333336	20.146489342476592	2887040	42.00706285765873	35.145863237087106	41.666666666666664	27.577921654122644	1.0	1	1
../data_2/XY/4_LargeOrgs_Day0/121.txt	9722.863285849991	0.5056257013396083	491.57235478860326	RGB	0.01139237482991535	9941	5.930408874022408	71.253696811186	72.66666666666667	9.150734869404952	2887040	42.50126359716059	31.87489031441663	32.666666666666664	28.079967272265662	1.0	1	1
../data_2/XY/4_LargeOrgs_Day0/122.txt	22249.83238011257	0.41034770488189487	825.4529034041307	RGB	0.02201981894077204	22583	14.82602218505602	33.57837016044517	12.333333333333334	34.605259360589336	2887040	6.424609613524275	30.38308590574891	6.333333333333333	32.41061426164461	1.0	1	1
../data_2/XY/4_LargeOrgs_Day0/123.txt	35659.25417355458	0.3248587615990146	1174.4749751031777	RGB	0.0633150556936094	36122	8.895613311033612	58.37679715039772	75.66666666666667	32.3130692626249	2887040	42.99546433666246	36.65676760049511	35.0	28.16124781344585	1.0	1	1
../data_2/XY/4_LargeOrgs_Day0/124.txt	14076.276323751168	0.4443431892385524	630.9421769780242	RGB	0.018510550185222473	14316	5.930408874022408	71.02721896246622	71.66666666666667	5.53355395374973	2887040	36.07665398363631	34.397078899726594	27.333333333333332	31.042776422664847	1.0	1	1
../data_2/XY/4_LargeOrgs_Day0/125.txt	35675.69599873002	0.3253617576635782	1173.8373024815273	RGB	0.031164361234760473	36135	8.895613311033612	63.295207785618736	70.66666666666667	21.848256879645533	2887040	32.61724880712325	31.896611061848798	24.0	28.924360700990363	1.0	1	1
../data_2/XY/4_LargeOrgs_Day0/126.txt	19873.246614190793	0.5186059964354365	693.9378495741928	RGB	0.007252494005831388	20125	5.930408874022419	63.201706004140775	63.666666666666664	7.653068460095292	2887040	41.01866137865499	30.31968763855021	31.666666666666668	25.58808324714978	1.0	1	1
../data_2/XY/4_LargeOrgs_Day0/127.txt	18786.460671617504	0.443563900716007	729.5403527492276	RGB	0.009483035585480165	19080	7.413011092528021	66.93480083857442	68.66666666666667	12.140765828868371	2887040	37.06505546264005	31.143447729623887	28.0	27.509104277206482	1.0	1	1
../data_2/XY/4_LargeOrgs_Day0/128.txt	8207.622692314908	0.5233931945218275	443.91476275494415	RGB	0.006977737636282687	8360	5.930408874022408	67.59354066985645	67.66666666666667	8.718601034421498	2887040	42.99546433666247	36.27675716304593	38.666666666666664	27.714733853984615	1.0	1	1
../data_2/XY/4_LargeOrgs_Day0/129.txt	12036.393049642757	0.5108605678351078	544.1290613643753	RGB	0.0073315506104655115	12240	10.378215529539224	57.484259259259254	63.666666666666664	20.405628536665017	2887040	34.099851025628844	41.685973984888825	45.0	25.354654692367788	1.0	1	1
../data_2/XY/4_LargeOrgs_Day0/130.txt	31182.33619835387	0.31203160653079215	1120.624113338069	RGB	0.01564773453767274	31616	8.895613311033612	31.384594298245613	8.333333333333334	35.843222570066345	2887040	33.60565028612697	36.165854300598525	33.666666666666664	25.443765838317884	1.0	1	1
../data_2/XY/4_LargeOrgs_Day0/131.txt	26983.86931097888	0.3976090433050273	923.4830266617435	RGB	0.015909220043118916	27322	11.860817748044816	55.62994412317302	73.66666666666667	33.0242947037666	2887040	33.60565028612699	40.68642819866256	43.0	24.504736900537754	1.0	1	1
../data_2/XY/4_LargeOrgs_Day0/132.txt	32310.07104570317	0.5045929569372535	897.0224168175994	RGB	0.010079193540875176	32655	19.273828840572826	55.14529678966978	54.666666666666664	20.73949064378114	2887040	29.65204437011204	40.24609796423555	41.666666666666664	23.048200548539295	1.0	1	1
../data_2/XY/4_LargeOrgs_Day0/133.txt	19919.902203964404	0.28133120386850197	943.277728768519	RGB	0.12147295955958576	20260	5.930408874022408	69.31464297466272	73.66666666666667	17.84549337449014	2887040	45.46646803417179	36.35398678230993	41.666666666666664	28.43194113277115	1.0	1	1
../data_2/XY/4_SmallOrgs_Day0/135.txt	2096.0475815486134	0.5500912081054498	218.8205718606869	RGB	0.014345359454777794	2189	8.895613311033612	53.3392721181666	77.66666666666667	36.336721890624226	2887040	27.675241412104572	33.973126570235706	21.666666666666668	30.513629317139248	1.0	1	1
../data_2/XY/4_SmallOrgs_Day0/136.txt	2789.853081021458	0.4232408317060265	287.8073090924753	RGB	0.017085560096817533	2913	11.860817748044816	49.24487927680512	75.66666666666667	36.78114631681494	2887040	27.675241412104572	33.793516081061114	21.666666666666668	30.147543779000863	1.0	1	1
../data_2/XY/4_SmallOrgs_Day0/137.txt	1643.3696141994005	0.6544139295925563	177.64226045855526	RGB	0.010052052676075254	1726	10.378215529539215	58.2759752800309	74.66666666666667	32.24746783936115	2887040	26.192639193598964	41.236605889307626	44.666666666666664	21.76421029674933	1.0	1	1
../data_2/XY/4_SmallOrgs_Day0/138.txt	2028.6842847605367	0.6188734333297102	202.96036933590204	RGB	0.010179531089843045	2120	5.1891077647696076	71.00455974842768	77.16666666666667	20.9579900797152	2887040	42.5012635971606	39.80358406303111	39.0	28.12821436062157	1.0	1	1
../data_2/XY/4_SmallOrgs_Day0/139.txt	3224.3326425852647	0.629457511645204	253.7123697266468	RGB	0.005346501267909194	3326	4.447806655516805	16.12517538584887	6.333333333333333	26.343737696001394	2887040	19.273828840572826	32.85284097206827	18.0	28.453906278039316	1.0	1	1
../data_2/XY/4_SmallOrgs_Day5/134.txt	8416.71898745506	0.4414747172021489	489.46701165896945	RGB	0.03694174992313737	8635	5.930408874022419	64.53383516695617	65.66666666666667	9.658891628204973	2887040	39.53605916014939	29.2565740920343	30.666666666666668	25.40815055692102	1.0	1	1
