ID	Invasion	Fractional Area	K14 Sum Peripheral Pixels	K14 Sum Central Pixels	K14 Total Sum	K14 Total Mean	K14 Peripheral Mean	K14 Central Mean
0	3.0650750893778826	0.26428314121	0.005440149569027345	0.03824422109788274	0.04368437066691008	0.1652938226284228	0.15089957352630334	0.16756753700548382
1	0.717028870113917	0.1989144591	0.0036428871038550643	0.03989092566754035	0.04353381277139541	0.2188569547350732	0.17820259555243698	0.22351355062185727
2	0.7017163838971275	0.12254627577	0.0023315147939024865	0.017737151777137368	0.020068666571039853	0.16376398584849716	0.16992771055710984	0.16298686968994813
3	0.1872986497877909	0.0397105686101	0.001288514241874981	0.00828887501575669	0.009577389257631672	0.2411798569714856	0.20673514265103618	0.24759253533801884
4	0.7374366622766827	0.058759837065	0.001359935517101986	0.005636266033791038	0.006996201550893024	0.11906434565432025	0.11373662327039738	0.1204254339796338
5	0.6536303726276856	0.0342683163378	0.0006706971194596216	0.0032499342565667365	0.003920631376026358	0.11440980459541854	0.09354248366013071	0.11993110662983399
6	0.2918202216534136	0.0169890268233	0.0007342454827198005	0.0034519295969329873	0.004186175079652788	0.2464046424311039	0.1654281316085042	0.2750416410975717
7	1.5163454635020206	0.0534208046996	0.0010731881979127275	0.004389346738473709	0.005462534936386437	0.10225482313681755	0.08665223332872696	0.1069638362469034
8	0.7853744424872048	0.0730769230769	0.0013533285737260987	0.008861445986064566	0.010214774559790665	0.13978112555503014	0.1168045956798265	0.1441104346383507
9	1.2322494315129036	0.147428508091	0.002800887590682471	0.027957979079461535	0.030758866670144006	0.20863581317046778	0.15324782075207372	0.2164740253108855
10	1.223534418564376	0.286311239193	0.0043034456079039905	0.05970993562576882	0.06401338123367281	0.22357970093693474	0.1497651776542725	0.23181426958560208
11	1.4436431526632207	0.113437292175	0.002919856038181178	0.021232059106063173	0.024151915144244352	0.21290983486323342	0.15443046159217727	0.22460648092267335
12	0.521328469135956	0.0368398082465	0.0007905566349794185	0.00639972659425109	0.007190283229230508	0.1951769993241472	0.10104341364666994	0.22055946838565915
13	1.8233701337636514	0.136530841277	0.0031755463768304926	0.03202680213073924	0.03520234850756973	0.2578344070712995	0.15716809661531758	0.275319227792952
14	0.2684644477468395	0.0242241188207	0.001837800626790286	0.009230902347638235	0.011068702974428522	0.4569290241834551	0.3601550313310228	0.4827545886842528
15	0.40890129013060894	0.0364262358679	0.001959876945679624	0.009065177279069464	0.011025054224749089	0.3026679524268724	0.2591007939030544	0.31408599250851726
16	0.3225265174370719	0.00914985590778	7.962833770173998e-05	0.00024084916609073246	0.0003204775037924724	0.03502541537511431	0.024399299095566904	0.04091686339123151
17	0.511347374036646	0.0405709654179	0.0025954638117716604	0.017574578046691963	0.020170041858463626	0.49715459444257515	0.3574662648190657	0.5276028388229096
18	0.5215103674405904	0.049201950787	0.002398401945570957	0.02262486362312604	0.025023265568697	0.5085827933335983	0.2798142064552322	0.5568437560698863
19	0.06817551538890988	0.0127133673243	0.0017389790099147618	0.0048018976488844265	0.006540876658799188	0.5144881361437339	0.538911760496384	0.5061804654679164
20	0.34683426175474846	0.0394965085347	0.00229056913166508	0.011349514367928505	0.013640083499593586	0.34534909554378457	0.3014113357284573	0.35581728304213706
21	0.7290773833466547	0.0402384449124	0.002023167225214182	0.016525486718739813	0.018548653943953993	0.46096845900277994	0.2537123058762207	0.5121928670123952
23	0.6822783370669268	0.108229189758	0.0048650466615375925	0.04402316668188002	0.048888213343417614	0.4517100557859208	0.3370508810166416	0.4693550099237597
24	1.8414200466859036	0.07074997229	0.00237632627868261	0.012387470062287829	0.014763796340970439	0.20867564838701688	0.1668178042991743	0.21922811936730655
25	1.2730231936501921	0.0331162713367	0.0013557898774672805	0.0061418466189401945	0.007497636496407474	0.22640340212731397	0.1633238591272276	0.24750505098608494
26	0.3924779200538171	0.0554221624917	0.0021739451710633267	0.015808326378656097	0.017982271549719424	0.3244599405953649	0.26417487442826276	0.3349720406041578
27	0.6818998179345431	0.0197205442252	0.0012701060805612424	0.005039850843906616	0.006309956924467858	0.31996870128948757	0.23742858448740803	0.35069296168696446
28	0.9515443270265405	0.088558523609	0.002706958697910554	0.01779975202228974	0.020506710720200296	0.2315611178292776	0.20316898141776338	0.2365892106039031
29	0.3005256511153606	0.0797675127466	0.0031151303349981094	0.03045047291805217	0.033565603253050275	0.42079290299136	0.32453470995788614	0.43396057524599335
30	0.48145306031346957	0.0343348204389	0.003746492778002356	0.01436907494099391	0.018115567718996268	0.5276150417393114	0.5209649604953243	0.5293769347869821
31	2.558125123292403	0.101826784527	0.0038373300994084176	0.02090821021381286	0.024745540313221275	0.2430160240081991	0.20535562931334023	0.2514803950159825
32	0.12062702205757912	0.010119707382	0.0010661058371475391	0.003364330547115765	0.004430436384263304	0.4378028155402358	0.3622752114028286	0.46877204936028466
33	0.9134802008675155	0.062735535358	0.0021834046187750207	0.010158686174536318	0.012342090793311339	0.19673205501281785	0.19992313576239248	0.19605945138935313
34	0.9276172828162808	0.0921954666371	0.0015431559455970374	0.011267984360669562	0.0128111403062666	0.13895629333590281	0.11904534366119256	0.14221379670479065
35	1.7694561256753416	0.0957402737752	0.00293539811180513	0.01982405753256745	0.02275945564437258	0.23772081222379185	0.18360801986103392	0.2485682825573226
36	0.5393310600532836	0.0383610895589	0.0009779335697923594	0.004172496642194896	0.005150430211987256	0.1342618333112026	0.1113389594342351	0.14106900770426214
37	0.49446922463071097	0.0658321325648	0.0024682828684566265	0.017278295213008724	0.01974657808146535	0.29995349249875686	0.2512173507914059	0.308503280342899
38	0.9720010801651527	0.0654615107515	0.0017405519623056493	0.012840833518066948	0.014581385480372596	0.22274746355497593	0.1567484913985558	0.23622970458542553
39	0.3781498657894582	0.0412935047661	0.0016497173575703834	0.010805501041028249	0.012455218398598632	0.3016265746669088	0.2261753252920505	0.31781325745726474
40	0.8296418541090721	0.0276511582798	0.0007199802443699715	0.0029848768370127924	0.0037048570813827636	0.13398560175667412	0.09385099172412328	0.14939597835597607
41	2.0464985879309894	0.0690090888938	0.0034086041310782793	0.018849767018312535	0.022258371149390815	0.3225426028104785	0.22042774999077672	0.3520327022314088
42	0.42123751842891743	0.0349645311461	0.0016830998083117085	0.010300561590186951	0.011983661398498659	0.3427376545799807	0.24875481061678278	0.36528845760144124
43	0.4487872584898793	0.0176152737752	0.0008343167681614876	0.006079825024667371	0.0069141417928288585	0.3925083357237814	0.17700660511118027	0.47123867158547267
44	0.575572635824669	0.0675882564841	0.0025854746132547455	0.017100834126601207	0.01968630873985595	0.29126818420700934	0.25290942018875723	0.2981040005607112
45	0.7022015874358939	0.0968867767679	0.002414384119863862	0.020748964405092562	0.023163348524956426	0.23907646943860986	0.18576897631820705	0.24733515362097505
46	0.20053983045327356	0.0918636388827	0.0018323808685522535	0.018618581050243197	0.02045096191879545	0.22262303309040704	0.17582281516701337	0.2286118431619392
47	0.3680782519451602	0.0564973121259	0.0008299891115834496	0.006836654191714371	0.007666643303297821	0.13569925744805925	0.09731994820509636	0.14252277538593278
48	0.8982074310484214	0.111631982931	0.002797407535392787	0.024851126440378856	0.027648533975771643	0.2476757399620578	0.18750528071555517	0.25695773162675
50	0.38286390278803556	0.0363091609399	0.0007391273401402237	0.006344200559851518	0.007083327899991741	0.19508376719890252	0.10896089645008329	0.2148701436417931
51	0.2786534550394565	0.0227541010862	0.0010918653096352706	0.0040410450923885404	0.005132910402023811	0.2255817701860017	0.2085654905074376	0.23066666976806935
52	2.0661448686463246	0.0540560574152	0.0019704013283433526	0.01003177418163009	0.012002175509973442	0.2220320179435976	0.13914067730604618	0.2514554284093606
53	0.5924595193726546	0.03863818998	0.0014276105033012984	0.007438065339192649	0.008865675842493948	0.22945370492437225	0.18543906359448303	0.24040562622433775
54	0.46911538408333925	0.100897805365	0.0033888294843541496	0.02239298490400372	0.02578181438835787	0.2555240353858779	0.2399256038675218	0.25806306587652345
55	0.45720701132484143	0.0317439315008	0.0009172485775511712	0.005578360195774164	0.006495608773325335	0.20462521389849175	0.14234214864186912	0.22048888337679476
56	1.1083246148988235	0.0620171525161	0.002662704130643612	0.011953150468788712	0.014615854599432324	0.2356743901720513	0.2073510636384888	0.24307063033141582
57	0.4946721892975549	0.01878948681	0.00037259954968464886	0.002518258744419958	0.002890858294104607	0.15385509584875873	0.0754990036441303	0.18176693148382908
58	0.4371115678077127	0.0719047882953	0.0011520857511703418	0.008510058201955134	0.009662143953125476	0.1343741381095195	0.11614350328440616	0.13729158572243455
59	0.22244267246329238	0.0414708490357	0.0008522114786947809	0.004940749409939103	0.005792960888633884	0.1396875401236266	0.10669421628148223	0.14755804585251156
60	0.4696634932086114	0.033433551319	0.0012303340201077107	0.005029934995501193	0.006260269015608904	0.18724511063386856	0.15214698575395205	0.19844247628265005
62	0.6174927274579526	0.121122672356	0.001198891272314734	0.012223529846432032	0.013422421118746768	0.11081675179065409	0.08239887299013306	0.11469650158555361
63	0.717088804817162	0.0523906838838	0.0009251432228843655	0.0053063779823611995	0.006231521205245566	0.11894330715480025	0.09593152396365484	0.12413481258059247
64	0.7728773767000323	0.124826812237	0.0017799844389096804	0.015218466515402436	0.016998450954312117	0.1361762801574373	0.1100969722021982	0.14005661887839316
65	0.40481882482804804	0.0655792784305	0.0009006605856707569	0.007132010640656174	0.008032671226326931	0.122487947695848	0.09487168480935865	0.12716246093798247
68	0.15616800391243882	0.01256581135	0.0006326854616819017	0.001772470127487927	0.0024051555891698288	0.19140471889731692	0.18761177437285514	0.19279602731002732
69	0.21393993331093125	0.0571568111284	0.0011351690421236107	0.007195518253854413	0.008330687295978023	0.1457514359447101	0.13864448901652207	0.14693971409297082
70	0.5228317743264524	0.0293948126801	0.0008965230960484394	0.003827998335224136	0.004724521431272576	0.16072636633839055	0.13667219554418028	0.1676362029203272
71	0.43947899630564613	0.0328426346708	0.0007423873450954312	0.0036768101720847947	0.004419197517180226	0.13455672973486046	0.11143298121993936	0.14044107270342515
72	0.40002744171410665	0.0705109731767	0.005070331890237806	0.03467458902204198	0.03974492091227979	0.5636700093855038	0.5140918374795307	0.5717324722160444
73	0.7176052941789345	0.0254371259144	0.000750559090849818	0.0034926497754943255	0.004243208866344143	0.1668116469061003	0.12484985697436385	0.17979778909174313
74	0.6998979892541213	0.0585499334959	0.0020829855994714446	0.019141048461060326	0.021224034060531773	0.36249458869186235	0.21700572838835303	0.39102326957218597
75	0.8297101670494258	0.123395588561	0.0031139594498850306	0.026122001338775368	0.0292359607886604	0.23692873569899092	0.2044139492995925	0.24150813642479552
76	0.9893670508519631	0.0223779372645	0.001246924728658921	0.0025061940094148944	0.0037531187380738153	0.16771513360320445	0.1610991483320259	0.17121349628351104
77	1.0182189180315795	0.105715196187	0.0037627493360456576	0.02498508819400072	0.02874783753004638	0.2719366615861689	0.2620924494097967	0.273483632674168
78	1.212270808562877	0.101911992906	0.0019979429368732642	0.014632494208057864	0.016630437144931128	0.16318429922406727	0.13061322350596866	0.16893648806468545
79	1.2090570455736316	0.0319004932387	0.0008645451641086494	0.003125404783948605	0.003989949948057255	0.12507486696822098	0.1052799253664685	0.13193695902107003
80	0.019310446270134965	0.0189564398138	0.0006550192122958693	0.003747924463511851	0.004402943675807721	0.23226638119068704	0.16926840911803318	0.24842519614145595
81	0.8425680232934277	0.0757093770783	0.004529211817735296	0.022127104333198585	0.026656316150933883	0.35208737912850524	0.30260149232330164	0.3642813536080247
82	0.5316874648652808	0.10505916094	0.00374731321258275	0.027218169854951513	0.03096548306753426	0.29474329311692365	0.29852768038782845	0.29422977158812
83	0.9139304595852599	0.0702359510086	0.0038006659103455172	0.02257709911719066	0.026377765027536176	0.3755593061492008	0.35058708255492116	0.38011726559573417
84	0.85486359793699	0.0656132232321	0.0035744650331868506	0.02400689654048274	0.027581361573669593	0.4203628508860731	0.31529555543573984	0.4423085845909666
85	0.32154063615925477	0.0196699733984	0.002302109549206515	0.009079716901169689	0.011381826450376204	0.5786396463213024	0.4907178346826031	0.6061767154368917
86	0.5782785518291419	0.059949983374	0.00331373798688174	0.020312531241714154	0.023626269228595894	0.3940996794146309	0.3611784248583154	0.4000483675290158
87	1.229776168379845	0.0631449512303	0.002381471653170246	0.013323911919012783	0.01570538357218303	0.248719545524653	0.19252363131632583	0.2624098960820429
88	0.18065776905029746	0.0166336455331	0.0016951428099504044	0.00650377508573813	0.008198917895688536	0.4929116638534136	0.4146005674380901	0.5184344476097358
89	0.8634249928422931	0.0441109232986	0.0010843048148099852	0.006219054402962693	0.007303359217772678	0.1655680423720332	0.12132514427366171	0.17680957599883218
90	0.40478404048346167	0.0399073099091	0.0028180705334672107	0.016748989941798045	0.019567060475265255	0.49031269007681183	0.39129868954122626	0.5121158619979308
91	0.21068245320952536	0.0435885890047	0.0022110385941119964	0.0188178868865214	0.021028925480633398	0.48244106911530205	0.32856479631177155	0.5105342544859016
92	1.1441511094563703	0.102694108845	0.0029520105537227084	0.01911479727115852	0.022066807824881227	0.2148790039960102	0.21200429226416934	0.21532992685294125
93	0.3786522247179506	0.0123351252494	0.0001496260774316377	0.0007428763458387123	0.0008925024232703501	0.07235454891829808	0.038322965808040746	0.08811477919022992
94	0.795386637667446	0.0502313788517	0.0016431267142192722	0.009182347290501216	0.010825474004720488	0.21551218087566015	0.18307242007639735	0.2225694657081693
95	0.28430803608766797	0.00898983041454	0.0005257518658095027	0.0009613347112287611	0.0014870865770382638	0.16541875746985238	0.1704319185567782	0.1627998454191625
96	1.4375813886872637	0.0150430891155	0.00016580113535105906	0.00035398492139041384	0.0005197860567414729	0.034553146149088235	0.0294098371715361	0.03763602516944024
97	1.0931510485351394	0.0142249501219	0.0003913635948726642	0.0012464873446607638	0.001637850939533428	0.11513930983906176	0.07655029491471385	0.13678952499351574
98	2.0227562029498505	0.145179145422	0.0033975744476464937	0.019693103133516764	0.023090677581163257	0.15904954884530054	0.14929428835246009	0.16086300340256293
99	0.41917206268614843	0.0412360064287	0.0004932360330521036	0.0043420685166108116	0.004835304549662915	0.11725928304963312	0.06630003523897687	0.12847666841097938
100	0.7139730662568428	0.0281353912658	0.0009000411847292674	0.0047242361808389945	0.005624277365568263	0.1999004496662505	0.13114236913095711	0.22208387051046036
101	1.3380897930496283	0.0871224506761	0.001793565076218916	0.009610127857394343	0.01140369293361326	0.13089270153804705	0.1299722419088117	0.13106593506142006
102	0.35973820328054773	0.0305233041454	0.0010581487083860368	0.0056184066399780925	0.00667655534836413	0.21873632410681984	0.17164387274181503	0.23065475095106014
103	0.767798024274895	0.0295617656839	0.0009917315407652753	0.010629017956107293	0.011620749496872569	0.3931006564742458	0.13830396229596081	0.4746983478745127
104	0.6816699177114425	0.00918657171359	0.0002851906668231469	0.0012715214660459617	0.0015567121328691085	0.16945517668646523	0.08460304795983334	0.21863807822116338
105	0.9895945094069806	0.134602915096	0.004478285106993362	0.06758454551184251	0.07206283061883588	0.5353734766235136	0.2583730662528801	0.5763143342898531
106	0.6016302297680592	0.00960014409222	0.0009144150899109367	0.003464708816357401	0.004379123906268338	0.45615189357601893	0.2568547325526825	0.5736181294401004
107	0.5907114836610673	0.0224548326313	0.001096347816448681	0.0051094492330295005	0.006205797049478182	0.2763679939798465	0.1892609423582875	0.3066519273600011
108	0.763240268316742	0.208902543782	0.004801903082226018	0.05161284398485619	0.05641474706708221	0.2700529445251265	0.2473908111372605	0.27237428546523895
109	0.2317741512332613	0.0381581135003	0.002032588639534732	0.008682841181251929	0.010715429820786661	0.2808165508678327	0.246065276160783	0.29041788085547954
110	0.7254348612631984	0.0579375415651	0.0019436040876115465	0.007282587552866413	0.00922619164047796	0.1592437544164185	0.1890459788793895	0.15281439658560791
111	2.0445153029002423	0.123967800931	0.00368507156797545	0.01621354771125919	0.019898619279234638	0.16051441688717957	0.16945318902280584	0.1586127515428297
112	0.2617923484865458	0.0510557526047	0.0013698214821286528	0.008904779601931662	0.010274601084060314	0.20124277010668584	0.1817764943815364	0.2046134706150774
113	0.1840275060163186	0.0228122921747	0.0008614019759976702	0.004099029713858498	0.004960431689856168	0.21744556188706882	0.17979337483981447	0.22745565359225878
114	2.168931987994741	0.123505735979	0.0026015111209635707	0.016866420753626214	0.019467931874589783	0.1576277548594529	0.14479789216631322	0.1598118497536857
115	0.520883950168904	0.0432623032587	0.0012505406174884053	0.00685244348238076	0.008102984099869166	0.18729895288780044	0.15634682073071737	0.19431948797120607
116	0.751033230889241	0.0280342496121	0.0007428872125218964	0.0030507506704743523	0.003793637882996249	0.13532154188155443	0.11403366110374392	0.14176601879484732
117	0.08448084801204861	0.0162484759477	0.0005772273440522297	0.0019973289692733665	0.0025745563133255964	0.15844909526377166	0.15476211286892172	0.15954757975349954
118	0.9878521491339368	0.0558357348703	0.0014106611942050153	0.00672342335293683	0.008134084547141845	0.14567883034106943	0.13603565014755986	0.14787822947130735
119	0.42148284475055425	0.0511755985369	0.0007213521631219546	0.004955821499515346	0.005677173662637301	0.11093516880985199	0.09091027366071275	0.1146097734821191
120	0.8106387785103482	0.00686169917978	0.00010099495351232934	0.00019664078222732232	0.00029763573573965164	0.04337638942502796	0.030692260061919507	0.05506399650063711
121	0.48508467186359894	0.0350435047661	0.00114614167546868	0.00998500126053525	0.011131142936003929	0.31763783360970216	0.16991665106013648	0.35284949495967693
122	0.024582331827186325	0.00420430614055	0.0003742214021498646	0.0008478593720795789	0.0012220807742294435	0.29067359354353045	0.21826104179045355	0.34054033410804496
123	0.1187274140121186	0.0119624251829	0.00047332283611737757	0.005095795245608773	0.005569118081726151	0.46555092270867116	0.1465574818515995	0.583522318970425
124	1.0663986532348757	0.0290338893815	0.0009535623160813871	0.004648025414998631	0.005601587731080018	0.19293273655051485	0.13057164432838209	0.21389007131431742
125	0.7376630359654825	0.0065755929949	0.00023423135603166116	0.0005496395521187859	0.0007838709081504471	0.11920915858968957	0.0788704565101058	0.15243336912094327
126	0.6806735538701809	0.0518503380625	0.0017519782796736518	0.010100082152124872	0.011852060431798523	0.22858212452750015	0.19827641601524967	0.23480755311852242
127	0.7740558531369268	0.0430558634449	0.004052683310078632	0.0210654511194857	0.025118134429564332	0.5833847569147366	0.47057025512907863	0.6115929203539823
128	0.7227350321075325	0.0714018510308	0.0036839767496446595	0.01744859515519797	0.021132571904842627	0.29596672354786485	0.23572225698790153	0.3128480446954586
129	0.8293326183421904	0.0647729162048	0.0021503862019203604	0.01354641269054729	0.01569679889246765	0.24233583744831502	0.1914708543175474	0.2530051837526533
130	0.5331941604854515	0.0746557027267	0.002874292035590561	0.023243922264095176	0.026118214299685735	0.34984888422135113	0.2785377308818264	0.36128680284121706
131	0.7645393789815039	0.0982404123254	0.00236571496255341	0.017353378560468747	0.019719093523022153	0.20072282939633418	0.18656888454682571	0.20282045713320468
132	1.3863206345312322	0.0517242573709	0.001451310739325657	0.00825657108332138	0.009707881822647037	0.1876852818405873	0.13804665777750214	0.20034839197492105
133	0.11641445738494897	0.0023470405675	0.0004980907237645668	0.0005800173649597281	0.0010781080887242948	0.459347871379957	0.3814344411504655	0.5570636504768242
134	1.6478957931387157	0.0936204555531	0.0041753409965183145	0.03286291190162609	0.03703825289814441	0.395621370130376	0.2762357686096575	0.41860744933319766
135	0.2228178178899129	0.0403825371315	0.001411899996087994	0.012510573282738056	0.01392247327882605	0.3447646994913794	0.2069983630258929	0.3727632824550135
136	0.9031629326819134	0.0738534970073	0.002776999904373188	0.01731194118081726	0.02008894108519045	0.2720106954881306	0.23679218512379846	0.27865893547427895
137	0.2506043659246663	0.0455400687209	0.0019183254658547081	0.007696744015717571	0.009615069481572279	0.21113427694848055	0.21869698124076672	0.20933009121954607
138	0.490319078566244	0.0895685546442	0.002891306544785948	0.02431920773186242	0.027210514276648366	0.303795393201753	0.2512436084474724	0.3115427729814703
139	1.672403713783834	0.0907205996453	0.0036696218611585625	0.022075772838508048	0.02574539469966661	0.2837877483209202	0.2164142888842427	0.2992751653629145
141	0.31546618764104883	0.073561848814	0.002340267907207219	0.019109931713762872	0.02145019962097009	0.29159407990415814	0.23969231796592624	0.29953708849057464
142	0.7821747214626886	0.0508659388162	0.0022547525438905334	0.013087512659685909	0.015342265203576443	0.30162158726699895	0.2474553631990316	0.3134419437311865
143	0.5347201062386971	0.0994617324318	0.002747985860271841	0.026043891620048595	0.028791877480320437	0.2894769352630483	0.22234025833863616	0.29900328018970646
145	0.31544391065147015	0.0401331467524	0.002144238375908998	0.011723184285906782	0.01386742266181578	0.34553539365792063	0.2807229258472843	0.3607702684117969
146	0.1442616824419901	0.0107819773886	7.205697619327048e-05	0.0003050006302676247	0.00037705760646089515	0.03497109972233561	0.023042907903081482	0.03984384704107887
147	1.729915997271328	0.244349922412	0.0032896574169459405	0.031158649227813494	0.03444830664475943	0.14097940488269337	0.11402776502604883	0.1445874949235832
148	0.9585179323549662	0.341680059854	0.004234664936690704	0.06559053359761106	0.06982519853430177	0.20435842397183276	0.15780729887989894	0.20832599256923984
149	2.652891840884357	0.220208933718	0.003385887329882075	0.03460343669722378	0.03798932402710586	0.1725149083907179	0.13780686492884578	0.17687379984765525
150	1.355313511158218	0.086650687209	0.004431322018942802	0.028046912014639595	0.032478234033582395	0.3748179625538196	0.3029745635762002	0.38940721206679446
151	0.26284521585268766	0.358743903791	0.0041141153867887215	0.0854244689451928	0.08953858433198152	0.24958914530910636	0.2014726004388932	0.2524933185055085
152	1.3484745460266239	0.106360840168	0.0028449927410556333	0.018703015178583072	0.021548007919638703	0.20259343462787957	0.17603102964289016	0.2073528959984965
153	1.148929837816158	0.179450232764	0.004608266937899079	0.03333352078361826	0.03794178772151734	0.21143348290520655	0.21049031706471152	0.2115645384065417
154	0.6247739190442607	0.0436668698736	0.00042653633166855746	0.0021566155280556025	0.00258315185972416	0.05915587417185995	0.053129150529829666	0.06051351243189471
155	1.810858912585318	0.115905564176	0.002544901134916392	0.01697699468836526	0.019521895823281652	0.16842932401037303	0.12231115985598502	0.17851957263452012
156	1.0817603236599524	0.17258576258	0.0015784563659203429	0.01757911760359209	0.019157573969512433	0.11100321187034366	0.08230803501547279	0.11459036813670594
157	0.1945103689333343	0.0179297827533	0.0009087019312269354	0.0036328707386301894	0.004541572669857124	0.25329769648373995	0.21367151193430622	0.2656192862598111
158	0.24419834389197367	0.0366195134117	0.001507896275335672	0.012359621469957968	0.013867517745293639	0.3786920265542891	0.24239180750251105	0.40658510025554856
159	0.9829239732743826	0.164799240745	0.004733701061892281	0.047769088959015216	0.0525027900209075	0.318586358672587	0.25795364880569066	0.3261840544468458
161	0.38159187049948445	0.17298686544	0.0034388787104289733	0.04325551429838173	0.04669439300881071	0.26993027990900814	0.23601436771161657	0.27304976014203436
162	0.5320506153094928	0.197391099534	0.0026249396899083286	0.026028803230447577	0.028653742920355905	0.14516228435797315	0.15622795997264247	0.14413273556956196
163	0.430826746930022	0.0689661383285	0.0007615561742320515	0.01271356020794485	0.013475116382176902	0.19538742792856137	0.08042443255742564	0.21368432708124294
164	0.3298197192030257	0.300470377965	0.003957844332590052	0.0612520429364386	0.06520988726902865	0.21702601005357705	0.20671638508504206	0.2177276587111154
165	0.36078739550016187	0.192185768122	0.003563899900461182	0.039443538887512446	0.043007438787973626	0.223780559862217	0.20833242019574494	0.2252899824116724
166	1.194692487995306	0.172689675238	0.00267316059653744	0.030835618053472773	0.033508778650010215	0.19404042890097017	0.14262653056047775	0.20029983607925725
167	0.7138620434604246	0.162616382177	0.002269759433367672	0.015567382129087502	0.017837141562455174	0.10968846633822653	0.12623066486573054	0.1076319423470208
168	0.5582583442468328	0.19535510419	0.0036679565419606105	0.047195597037307496	0.050863553579268105	0.26036460009696877	0.27054154756788	0.25960563749026067
169	0.11084679899048684	0.0282697849701	0.0004978815401132743	0.0029983623908441674	0.003496243930957442	0.12367423150401113	0.09607030621364974	0.12987055775891537
171	0.5014355460868469	0.0681126690313	0.0017448035521013992	0.010767532849983266	0.012512336402084665	0.18370057406416931	0.16202372618394414	0.18777134976633417
172	0.56618967277757	0.0608748060297	0.0007160682384237224	0.005034960836473805	0.005751029074897527	0.094473057903317	0.07594848078834766	0.09786796653380732
173	0.7178859279183737	0.525852776546	0.004706012753139385	0.09363290333867974	0.09833891609181912	0.18700845650698114	0.1580591342146575	0.18874594138730763
174	0.5176227968208056	0.191925293726	0.0023218923459430323	0.030679863166725347	0.03300175551266838	0.17195104861845983	0.1364031433833504	0.17541071657674936
175	0.27853723633998473	0.217794696298	0.0029279897505444206	0.04132531154780689	0.044253301298351304	0.20318814943874372	0.18008571643399582	0.2050519341178196
176	1.0961834012515956	0.124046774551	0.002547685722482298	0.022786027401428318	0.025333713123910615	0.204227100749606	0.15825273437401122	0.21108349927489045
177	0.07901151606954793	0.356087203503	0.0035845628985356056	0.07138601827341444	0.07497058117195005	0.21053994761542535	0.19687205552235731	0.21127647968991262
178	0.7408024773262551	0.280790013301	0.0037190462529503045	0.05004467836791112	0.053763724620861424	0.19147306554404572	0.1661205448234311	0.1936695739717998
179	1.806909271409606	0.442255043228	0.005915300724590435	0.06537253434958555	0.07128783507417598	0.16119168377120838	0.16067089852217112	0.16123897417094607
180	2.6767621759595075	0.272813677677	0.006772736361225936	0.042925245913040457	0.04969798227426639	0.1821682208072609	0.17108374122244924	0.18404967216980625
181	0.32737449023468074	0.0713325759255	0.0021301415711485216	0.013123130930492348	0.01525327250164087	0.21383319337252235	0.20559654725757648	0.21523282615020695
182	0.7362133912460188	0.22528956994	0.003110737478320967	0.03175931600749367	0.03487005348581463	0.154778818633631	0.13779341367085682	0.15667040702044704
183	0.648390688184694	0.166693222124	0.002954990741585927	0.026830452032287087	0.029785442773873017	0.17868418640183345	0.18014224567313306	0.1785250436405698
184	0.7788422343997001	0.182833628907	0.003349125340670518	0.033123758481446226	0.03647288382211674	0.19948673578341478	0.19081660134846487	0.20040742972461842
185	0.1762642562822544	0.123470405675	0.0036247343095961505	0.03727994966552349	0.04090468397511964	0.33129140340547547	0.30834913492770555	0.33370551795003484
186	0.5551264502828087	0.264379433607	0.003953717709650919	0.05230324240092845	0.05625696011057937	0.21278871560887316	0.20148522870279229	0.21369494997491795
187	0.56204062164775	0.163832853026	0.00430843884882705	0.04375788377865001	0.04806632262747706	0.2933863491949787	0.2674170205554811	0.2962187047967626
188	0.38985721499726117	0.178271863223	0.005428802035112427	0.06211953840503171	0.06754834044014414	0.37890634685048463	0.3414931285395455	0.3825692798718013
189	0.422961041265442	0.128732542673	0.004509697971407583	0.04730942826033096	0.05181912623173854	0.40253323018080817	0.33852518022289524	0.40992152296157786
190	0.8195872820288859	0.0837633008202	0.0036254786773942563	0.025838508591199724	0.02946398726859398	0.3517529392953735	0.2639690800157448	0.3689696494298891
191	0.9005890866443164	0.130377133673	0.0026806776246299895	0.024270799374948384	0.026951476999578373	0.20671935515260928	0.17215107058928206	0.21140802969832667
192	0.8865012333377896	0.24238181667	0.004344657503879406	0.0678721540156741	0.0722168115195535	0.29794649001153495	0.2091439623836996	0.30627082478276024
193	2.0804448043595634	0.184029317225	0.006093264395095214	0.04257464324679107	0.048667907641886284	0.2644573613371567	0.2676164243651031	0.2640113282310471
194	0.5178490545451166	0.17044100532	0.0034318452497381128	0.04952682114743481	0.05295866639717292	0.31071552469220665	0.22086211568889705	0.31972879346501687
195	1.095465389170979	0.348096320106	0.0038540865248781844	0.04229285656847532	0.0461469430933535	0.1325694654837122	0.14360257550958022	0.13164773583959505
196	0.9096644286556602	0.193700121924	0.00381409169741938	0.052299746045613986	0.05611383774303337	0.2896943852466776	0.186983109086732	0.3017837403784091
197	0.45989596438012964	0.403772722235	0.004985919495264299	0.11119771223718927	0.11618363173245357	0.2877451232700322	0.2077795118162742	0.2927977555678474
198	0.8776583375234693	0.226555226114	0.0023687929505652847	0.024522675507800105	0.02689146845836539	0.11869718884719346	0.12259868774873614	0.11833343099697007
199	0.7470011542517402	0.186388827311	0.0018526390826780724	0.04455854371231978	0.04641118279499785	0.24900195716964235	0.09810783846169893	0.2660130151309067
200	0.06335215368452102	0.137440423409	0.003354344065269646	0.03896619537861697	0.04232053944388662	0.30791915794533825	0.30155463318789555	0.3084796197944575
201	0.7835159355505551	0.195765212813	0.0038115488935543183	0.046685699662263484	0.0504972485558178	0.2579480175776798	0.21801509921240755	0.26186397404536393
202	0.4908198147871838	0.0743924573265	0.002283554687669792	0.017063265286163237	0.019346819973833026	0.2600642681947298	0.22256139779522638	0.2660642575384803
203	0.8104867961224599	0.163192751053	0.0022618158879601498	0.02762294022020247	0.029884756108162616	0.18312551210353906	0.13281440306668166	0.18898741956531698
204	0.9663037444383964	0.371544557748	0.004277702435441035	0.05432139193518241	0.058599094370623446	0.15771754194394957	0.15777374979835054	0.15771311738732668
205	0.4846053847527037	0.39557262802	0.005536724499154572	0.08226705634592564	0.08780378084508021	0.22196627022573792	0.23586756821660346	0.22108930612302113
206	0.7718022999579904	0.163722705609	0.003179936516836839	0.033690561959654176	0.036870498476491015	0.22520088670324287	0.18647635524798156	0.2297032415301269
207	0.9593301703123602	0.157419363777	0.0038527798062253055	0.034881411886412736	0.03873419169263804	0.24605735128876713	0.23146182395048914	0.24778315873369672
208	0.44828210751496417	0.323076923077	0.004392259009567028	0.0674989812484515	0.07189124025801853	0.22252050556053352	0.2126266382336831	0.22319631796605813
209	0.6533287634635133	0.192534914653	0.004133879166829667	0.05640491000212987	0.060538789168959536	0.3144301867432445	0.2502762762614587	0.3204503047652341
210	0.49451312901558125	0.383430780315	0.005877424900352515	0.1046760777576382	0.1105535026579907	0.28832714621196903	0.2536073531463162	0.2905606761160879
211	0.15432538277619176	0.118492989359	0.004983471774877098	0.047893534214838676	0.05287700598971577	0.44624586041423997	0.43521938268924854	0.4474253776893561
212	0.21740261627977342	0.0657441531811	0.0017877351006906864	0.016146511142696936	0.017934246243387623	0.2727884591346417	0.2115445013975752	0.2818220613840429
213	0.33642055140777977	0.0788863334072	0.00185242989902678	0.01653953462342596	0.01839196452245274	0.23314513082398952	0.19784104822751827	0.237899808880287
214	0.9085841430125409	0.37162491687	0.005356334841628959	0.07358947192266399	0.07894580676429294	0.21243410541262556	0.1967023626383493	0.2136779871058533
215	0.5717453590373597	0.184754627577	0.004223100069112105	0.054264882465954685	0.05848798253506678	0.3165711370919793	0.2378977331420373	0.32493380872625155
216	0.5452630886655564	0.214725116382	0.003396743146382916	0.03762799866122463	0.04102474180760755	0.1910570244357906	0.1957157492781969	0.19064736432397583
217	1.309556335481754	0.133967662381	0.0021666155932557017	0.009304972376891346	0.011471587970147048	0.08562953003938603	0.10121530553969162	0.08266556128559681
218	0.3914114404168505	0.307879350477	0.0031703629689517126	0.057712400189514956	0.06088276315846667	0.19774877095270302	0.15618327598597967	0.20068269045106238
220	0.8545449990880586	0.157528125693	0.0026341084538448497	0.021657519636096512	0.024291628089941363	0.15420502201188308	0.1521320411016291	0.1544610093087388
221	0.6944338581892893	0.161818332964	0.003112389214164939	0.03352455707399342	0.036636946288158355	0.22640788356372055	0.1905099469292021	0.23043912586581738
222	1.0317477039489595	0.213429671913	0.0036335227396212307	0.045353911571278924	0.04898743431090015	0.2295249478284611	0.15658305953064572	0.23842296938149388
223	0.5972965145627008	0.1226647362	0.0019998935065047964	0.01736771443225927	0.01936760793876407	0.1578905929991399	0.1552089394897744	0.15820534702216144
224	0.8392514692680837	0.108382287741	0.0022853993071402802	0.017464645246260773	0.019750044553401055	0.18222575814770978	0.16420385286163644	0.18488104887674886
225	0.5756987976339568	0.120141044114	0.002334187997965757	0.022787554170415673	0.02512174216838143	0.20910207958957688	0.17633698235417256	0.21315912723129143
226	1.3965251575128157	0.262122450676	0.0024471580363468817	0.02399442158818748	0.02644157962453436	0.10087491382874801	0.09477681821816514	0.10154123911552794
227	0.47519295415767904	0.108063622257	0.0016872590313003943	0.01815673343156815	0.019843992462868543	0.18363249397404996	0.13414067064287852	0.19015205022771614
228	0.7600042897282521	0.188771198182	0.004057690134355671	0.04961291244496025	0.05367060257931592	0.28431563234295715	0.2237511216573114	0.29075228819995785
229	0.7045127061299248	0.1799012137	0.002973157119198821	0.029470577911945094	0.032443735031143915	0.1803419463599311	0.16914210470189495	0.1815547682304356
230	0.23588607847067802	0.235425210596	0.0021844315203359108	0.03155382159514216	0.03373825311547807	0.14330773254920653	0.12097255383393286	0.14516316643779653
231	0.2095066068804892	0.0555108346265	0.0010272927614849974	0.006478808881122833	0.00750610164260783	0.1352186774548833	0.12834668920363715	0.13637648477008954
233	0.9725601766633835	0.28943416094	0.0036671469740634007	0.04877909554422523	0.052446242518288624	0.1812026691941676	0.15047613633133403	0.18402770336491342
234	0.16391511885501	0.180556556196	0.002149079483267481	0.03531352825989629	0.03746260774316377	0.20748406223756322	0.1587797735533972	0.21143092386830922
235	1.2100681412926648	0.211781617158	0.003249621839425196	0.034754527060214466	0.03800414889963966	0.17944970583200423	0.13693642333159325	0.18481462821447675
236	0.3554072223147843	0.117240495456	0.0026689551901452222	0.025366935291074977	0.028035890481220196	0.23913145685953582	0.1830256625215407	0.24710119125827523
237	0.7719067541668931	0.127982293283	0.002199636726781158	0.022298023676329323	0.02449766040311048	0.1914144509734934	0.15089913543594416	0.19662219468949807
238	0.3980697397993839	0.385698847262	0.004329857081382764	0.07729129448276761	0.08162115156415038	0.21161886311953065	0.20532292940828645	0.21198300171522946
239	0.8183447226406081	0.248679616493	0.0036139165264864534	0.04772002860111014	0.05133394512759659	0.20642602659409381	0.18113123795401984	0.20863249171275214
240	2.104791779837999	0.412213893815	0.004459847062300868	0.07482400319915153	0.0792838502614524	0.1923366763009009	0.13343029765119585	0.19753460212885973
241	0.29331046866432936	0.122977166925	0.0033081796784331114	0.03371032845636592	0.03701850813479903	0.3010193604255582	0.26181050051599586	0.3055093755231877
242	1.7533015571366706	0.196021530703	0.005298681653996114	0.037502988337875603	0.042801669991871724	0.21835188123687244	0.21718305812869756	0.21851803572851783
243	0.2488129138169746	0.174334958989	0.0034350427712650125	0.05079707664488983	0.05423211941615485	0.311080002144228	0.24166843460261578	0.3172416308803891
244	1.9380112522361408	0.175369929062	0.0033768598328269457	0.030237303910701945	0.03361416374352889	0.1916757560618559	0.14268132261685848	0.19931937631253352
245	0.5755603166598832	0.103289874751	0.0011881767226952851	0.008280211552588226	0.009468388275283512	0.09166811653266749	0.09771303268644096	0.09086151808003282
246	0.3097460017025253	0.218474285081	0.002651446246864962	0.03676667275200925	0.039418118998874214	0.18042452448934876	0.1649890372564234	0.1816500696536324
247	1.2570062178330392	0.216338533585	0.00459234181369289	0.04043181753969599	0.04502415935338888	0.2081190003804294	0.18557575877335986	0.2110307348848632
248	1.7411204574563595	0.317597954999	0.005656657364785861	0.06916607171576235	0.0748227290805482	0.23558945485278496	0.20359791650166276	0.23865636876785215
249	0.267435388177778	0.119435823542	0.003321945049356475	0.0370776419080157	0.040399586957372176	0.33825351355334954	0.28100170627876114	0.34454283519089257
250	0.7293835346320442	0.0624958434937	0.0015656554131295614	0.012528650010214682	0.014094305423344243	0.22552388503675574	0.15352590869919056	0.23956336167254047
251	0.6897413098403098	0.458158529151	0.006021253602305475	0.10184958826137416	0.10787084186367964	0.23544436041293457	0.21502115132474087	0.23677390922613661
252	0.5958271236945567	0.246097733319	0.006386637674355932	0.09735188167486014	0.10373851934921607	0.4215338270301519	0.3237888250513214	0.43005070242826576
253	0.4840812013996721	0.102272916205	0.003424023954516411	0.041035920907933114	0.04445994486244952	0.4347186578057964	0.2934018199467843	0.4529209519984372
255	0.4073410174981167	0.329740495456	0.004631320606273988	0.09738686152802953	0.10201818213430351	0.309389303225739	0.22422202581059253	0.3150807254459415
256	1.674525540176339	0.255002355354	0.006547771569279452	0.07385409195821978	0.08040186352749923	0.31529851328634173	0.2580777418000839	0.32162068204891864
257	0.43349440934179706	0.421109510086	0.0046848824876880475	0.059822655730436713	0.06450753821812476	0.15318471008854948	0.198105327610143	0.15051198881729275
258	1.2600512339929866	0.276136804478	0.005122223019112322	0.06422283926871569	0.06934506228782801	0.2511257505819625	0.20556106123294465	0.2556452917120786
259	0.13104355749171218	0.279465473288	0.008808620322436223	0.10619302869673695	0.11500164901917317	0.4115057494091848	0.503242158065585	0.4053761124227185
260	0.7150957000355171	0.227523692086	0.004881221719457014	0.04192889874859276	0.046810120468049776	0.20573734558752635	0.20706891902170532	0.2055834403447222
261	1.4077933980752284	0.133522916205	0.00272319895592908	0.020525178648271546	0.023248377604200624	0.17411526249573622	0.16039628516658827	0.1761138043947629
262	2.273847426001482	0.201095932166	0.002272704304510543	0.014805070720374161	0.017077775024884705	0.08492352302185283	0.08428677434028875	0.08502212213521684
263	1.7921320429301262	0.262714752826	0.003156203680762928	0.021591936486410127	0.024748140167173055	0.09420156234440384	0.09467889564337612	0.09413219099480463
264	0.16273428240336202	0.166798520284	0.0017651704330590582	0.0249182363590526	0.026683406792111657	0.159973881942831	0.13250435899788934	0.16235820186696098
265	2.254942080456302	0.312491686987	0.003928159270802091	0.031919482767613805	0.0358476420384159	0.11471550614357758	0.10469289299856421	0.11608312825238427
266	0.780534199854715	0.244029178674	0.002789980157436506	0.031098322836117378	0.03388830299355388	0.13886988096114783	0.13340152887918996	0.13938246840104251
267	1.4565828540933898	0.232202532698	0.0035113622039372166	0.030194198495181714	0.03370556069911893	0.1451558702117079	0.14315996070235132	0.14539159796174134
268	2.274033146446134	0.244953308579	0.00470236969760194	0.03663419158397121	0.04133656128157315	0.16875281873662373	0.15613848980729525	0.1705211457311634
269	1.0359977910577804	0.179003408335	0.005234818156923599	0.07877073906485671	0.08400555722178031	0.46929585309616795	0.2747042571572762	0.4924795993490407
270	0.2200906413436924	0.291273414986	0.0046558195435123725	0.11223034597345921	0.11688616551697159	0.40129362826591614	0.2419196079137173	0.41256894712616404
271	1.339920213903866	0.319736477499	0.004666259709381425	0.05353091951699766	0.05819717922637909	0.18201607674394912	0.15991641261333478	0.18423544839047856
272	0.8424773391067614	0.444663738639	0.003695780684253307	0.05290843787082557	0.05660421855507887	0.1272966820464034	0.12640224928525168	0.12735963352698398
273	3.078902214327718	0.265608373975	0.00550578161878806	0.044626294765301375	0.05013207638408944	0.18874433676123217	0.16145997648206042	0.1927631805534262
