filename	area	circularity	circumference	imgmode	power	pxlincnt	pxlinmad	pxlinmean	pxlinmedian	pxlinsd	pxltotcnt	pxltotmad	pxltotmean	pxltotmedian	pxltotsd	scaleval	scalex	scaley
/Users/ytsehay/work/data_2/XY/2_SmallOrgs_Day5/0.txt	21428.749450990068	0.24519261963703035	1047.9719263641236	RGB	0.13134766706742837	21830	10.378215529539215	47.61223087494273	46.666666666666664	10.450825941547675	2887040	32.370148437372315	28.879771322877406	27.833333333333336	23.005802585197692	1.0	1	1
/Users/ytsehay/work/data_2/XY/2_SmallOrgs_Day5/1.txt	24519.01267956324	0.7345927648320063	647.63915554909	RGB	0.007265990305351314	24802	2.965204437011204	42.68509260005913	42.666666666666664	2.602379762240473	2887040	29.65204437011204	24.350631558043304	23.0	21.068706149295544	1.0	1	1
/Users/ytsehay/work/data_2/XY/2_SmallOrgs_Day5/10.txt	6565.289816656106	0.5804679142418526	377.0012357235887	RGB	0.0382326714343798	6738	17.791226622067235	49.69407341446522	69.66666666666667	33.4489151883567	2887040	35.088252504632585	35.0477952043154	28.666666666666668	27.438993099733636	1.0	1	1
/Users/ytsehay/work/data_2/XY/2_SmallOrgs_Day5/100.txt	16521.4564316356	0.1900176008355243	1045.278894528293	RGB	0.027321626149351127	17057	11.860817748044816	63.01311289597623	68.66666666666667	21.145258440530323	2887040	9.389814050535481	31.331751320845324	9.0	31.469419865080962	1.0	1	1
/Users/ytsehay/work/data_2/XY/2_SmallOrgs_Day5/101.txt	3222.176183372656	0.7882397724854935	226.64722258118115	RGB	0.009805951500120879	3335	14.82602218505602	58.30564717641179	60.666666666666664	14.9297695031798	2887040	14.82602218505602	32.46546774551097	13.0	31.355944674191115	1.0	1	1
/Users/ytsehay/work/data_2/XY/2_SmallOrgs_Day5/102.txt	18264.665985918866	0.35996722295599254	798.508089896769	RGB	0.10856302896719165	18602	10.378215529539215	64.4891588718059	69.66666666666667	19.694196350312797	2887040	23.227434756587765	34.501688234316084	20.0	28.672851289019064	1.0	1	1
/Users/ytsehay/work/data_2/XY/2_SmallOrgs_Day5/103.txt	11148.177009402443	0.2269035413900417	785.7533165893313	RGB	0.1917580843035686	11445	10.378215529539224	62.17655453618755	68.66666666666667	21.27068929280771	2887040	29.652044370112037	35.75975381936747	25.666666666666668	26.85326884200915	1.0	1	1
/Users/ytsehay/work/data_2/XY/2_SmallOrgs_Day5/104.txt	5409.254220414929	0.32226127697751206	459.2715743135813	RGB	0.1477874988205508	5584	20.75643105907843	49.59198901623687	51.666666666666664	19.418791841293633	2887040	28.16944215160644	31.796845788997274	25.0	24.23244292199024	1.0	1	1
/Users/ytsehay/work/data_2/XY/2_SmallOrgs_Day5/105.txt	32432.76924067478	0.13103781473366982	1763.5940587320729	RGB	0.15532938883472588	33139	11.860817748044816	52.347355080117076	53.666666666666664	14.675005123472586	2887040	35.088252504632585	31.60505015517622	28.666666666666668	25.13092603471191	1.0	1	1
/Users/ytsehay/work/data_2/XY/2_SmallOrgs_Day5/11.txt	8963.763647840824	0.6822299057073349	406.3354881046016	RGB	0.010217176977959961	9182	11.860817748044814	24.957452987729614	16.333333333333332	24.429705849667258	2887040	7.41301109252801	26.146213307285887	10.0	28.451670626591945	1.0	1	1
/Users/ytsehay/work/data_2/XY/2_SmallOrgs_Day5/12.txt	11364.940279265324	0.5085881472118483	529.914000262479	RGB	0.048617757119656595	11577	16.308624403561623	41.699116063459165	42.333333333333336	16.287089718349595	2887040	18.285427361569095	26.2109555115274	20.0	19.826243988493008	1.0	1	1
/Users/ytsehay/work/data_2/XY/2_SmallOrgs_Day5/13.txt	23969.993992058815	0.25562784095318863	1085.512474426184	RGB	0.09237590105646146	24495	51.89107764769608	41.447655984214464	45.666666666666664	33.679328197519055	2887040	16.308624403561623	32.944357080839424	17.0	27.92079929014392	1.0	1	1
/Users/ytsehay/work/data_2/XY/2_SmallOrgs_Day5/14.txt	13243.662720290838	0.2920075636666093	754.9391321986113	RGB	0.060268320293902194	13615	8.895613311033623	57.75323785041008	58.666666666666664	9.789601056170127	2887040	8.895613311033612	31.752674480898538	12.0	29.284190206762208	1.0	1	1
/Users/ytsehay/work/data_2/XY/2_SmallOrgs_Day5/15.txt	38735.39804301137	0.3088235647316437	1255.4624497657928	RGB	0.062063006664171055	39269	42.995464336662465	41.41307392599761	32.333333333333336	31.484534069290756	2887040	11.860817748044816	31.47022198052909	15.0	27.957893395279587	1.0	1	1
/Users/ytsehay/work/data_2/XY/2_SmallOrgs_Day5/16.txt	14426.28308754327	0.46333462937222764	625.5107486141703	RGB	0.06209031173874193	14700	16.308624403561634	53.23600907029478	69.66666666666667	31.392598322278996	2887040	16.308624403561623	34.12466563215844	19.0	27.42005364168933	1.0	1	1
/Users/ytsehay/work/data_2/XY/2_SmallOrgs_Day5/17.txt	17464.976959510233	0.16699042131444744	1146.418432857245	RGB	0.17411581259011674	17967	13.343419966550417	32.39891653216082	12.333333333333334	33.10916342620805	2887040	9.884014790037346	30.788097382324676	15.0	27.772544834741446	1.0	1	1
/Users/ytsehay/work/data_2/XY/2_SmallOrgs_Day5/18.txt	10991.675899050733	0.33509992190105753	642.0217274936925	RGB	0.09996904280671108	11256	11.860817748044816	53.754353233830834	73.66666666666667	33.15837138626765	2887040	16.308624403561623	33.510145108253894	18.0	27.19555202408258	1.0	1	1
/Users/ytsehay/work/data_2/XY/2_SmallOrgs_Day5/19.txt	4624.5723012232775	0.5360688937266241	329.2535113186303	RGB	0.0562761329141573	4746	40.03025989965126	45.57929484478157	49.666666666666664	29.06193160354805	2887040	13.343419966550417	33.352732902904016	15.0	28.71509873278492	1.0	1	1
/Users/ytsehay/work/data_2/XY/2_SmallOrgs_Day5/2.txt	16328.483484288568	0.20143656117747175	1009.2731233601878	RGB	0.08362917979325604	16745	35.58245324413445	39.702498258186516	38.666666666666664	26.85688854199669	2887040	26.19263919359897	25.352992453631835	22.666666666666668	20.384128353532315	1.0	1	1
/Users/ytsehay/work/data_2/XY/2_SmallOrgs_Day5/20.txt	4690.408309782033	0.5713621266094452	321.1844660611482	RGB	0.03960606180330902	4865	37.06505546264006	45.03706748886606	47.666666666666664	27.40774755015232	2887040	11.860817748044816	32.07576225707529	15.0	28.553356695259083	1.0	1	1
/Users/ytsehay/work/data_2/XY/2_SmallOrgs_Day5/21.txt	16291.158001141754	0.2403191793597434	922.968105756706	RGB	0.07740341183267856	16676	23.72163549608963	34.25639641800591	26.333333333333332	25.94218994136085	2887040	16.308624403561623	33.0083733974359	22.0	25.40389858283419	1.0	1	1
/Users/ytsehay/work/data_2/XY/2_SmallOrgs_Day5/22.txt	4258.705557532783	0.630596590565893	291.3184094206281	RGB	0.015338010308860353	4396	5.930408874022408	68.11275401880498	69.66666666666667	13.122196591306835	2887040	11.860817748044816	31.182011795241277	16.0	27.25162631176254	1.0	1	1
/Users/ytsehay/work/data_2/XY/2_SmallOrgs_Day5/23.txt	5912.324656166231	0.48863705443818073	389.93378940691986	RGB	0.02082783490060542	6062	16.308624403561623	51.149070713735846	71.66666666666667	34.43755199097135	2887040	14.82602218505602	31.75158189702949	18.0	27.321423874124466	1.0	1	1
/Users/ytsehay/work/data_2/XY/2_SmallOrgs_Day5/24.txt	10207.717959958725	0.25140669578182306	714.300317056258	RGB	0.10331283273408515	10470	22.23903327758403	53.09191340337471	51.666666666666664	22.80204784086658	2887040	20.75643105907843	36.378141164191256	25.0	25.52277917866931	1.0	1	1
/Users/ytsehay/work/data_2/XY/2_SmallOrgs_Day5/25.txt	15044.855464838725	0.2475485561945633	873.9140932517212	RGB	0.1502875587002081	15438	11.860817748044816	57.040873170099744	72.66666666666667	30.651918175141045	2887040	19.273828840572826	37.25838044040495	25.0	24.368826563305976	1.0	1	1
/Users/ytsehay/work/data_2/XY/2_SmallOrgs_Day5/26.txt	6040.849074290403	0.246304041314175	555.1599856076089	RGB	0.1007420307682587	6295	42.99546433666247	40.4630129732592	54.666666666666664	33.008188703206905	2887040	16.308624403561623	36.5996051318998	19.0	27.671688987267004	1.0	1	1
/Users/ytsehay/work/data_2/XY/2_SmallOrgs_Day5/27.txt	7696.552236592252	0.67983231286718	377.18302666159315	RGB	0.011038127171348562	7819	28.16944215160644	36.50935754785351	25.333333333333332	28.112173621463455	2887040	13.343419966550417	32.67644554053056	17.0	27.39587430609831	1.0	1	1
/Users/ytsehay/work/data_2/XY/2_SmallOrgs_Day5/28.txt	7320.083893808696	0.49746628058054554	430.01255613916436	RGB	0.02959310905295165	7510	14.826022185056031	61.94873501997337	65.66666666666667	16.811551946227905	2887040	23.721635496089633	34.85960476243257	21.0	27.87550702882222	1.0	1	1
/Users/ytsehay/work/data_2/XY/2_SmallOrgs_Day5/29.txt	12486.920977414084	0.43637075636450917	599.659605171543	RGB	0.08770020000003997	12714	5.930408874022408	57.539248072990404	58.666666666666664	8.975757738725381	2887040	31.13464658861764	30.99967336787853	27.666666666666668	23.38673278862434	1.0	1	1
/Users/ytsehay/work/data_2/XY/2_SmallOrgs_Day5/3.txt	11278.25645390449	0.7206017584237492	443.4843064392202	RGB	0.006187950991109682	11499	4.447806655516806	60.29828680754847	60.666666666666664	5.055441325110197	2887040	34.099851025628844	31.375342796312705	29.0	24.16274218378724	1.0	1	1
/Users/ytsehay/work/data_2/XY/2_SmallOrgs_Day5/30.txt	6606.616978810249	0.5045400634586096	405.6455049650426	RGB	0.05583741652984672	6776	10.378215529539215	62.05539157811884	65.66666666666667	16.149320493286275	2887040	35.58245324413445	32.312385811534746	30.0	24.752008397051025	1.0	1	1
/Users/ytsehay/work/data_2/XY/2_SmallOrgs_Day5/31.txt	12298.572059842452	0.4736592978975278	571.2145267674114	RGB	0.07138532612221224	12549	13.343419966550428	56.20211437830371	58.666666666666664	15.471234375812672	2887040	35.088252504632585	30.559768251681053	28.666666666666668	23.987029979750066	1.0	1	1
/Users/ytsehay/work/data_2/XY/2_SmallOrgs_Day5/32.txt	6020.101845428282	0.3621716874190859	457.0351506239551	RGB	0.0672042747097034	6168	13.343419966550417	54.240812797233026	54.666666666666664	13.629745937520134	2887040	32.123048067621376	27.76885402811648	25.666666666666668	23.0132559756824	1.0	1	1
/Users/ytsehay/work/data_2/XY/2_SmallOrgs_Day5/33.txt	7174.919487741106	0.41722310488454456	464.86759422287287	RGB	0.05442539127048792	7370	11.860817748044816	55.65300768882858	56.666666666666664	12.249778471102086	2887040	31.134646588617642	29.62099751533286	23.0	27.396204407794457	1.0	1	1
/Users/ytsehay/work/data_2/XY/2_SmallOrgs_Day5/34.txt	6689.976661305816	0.6578761819548579	357.4745694105642	RGB	0.013451969378990666	6829	7.41301109252801	54.4608776297164	55.666666666666664	13.207265814542035	2887040	33.60565028612698	28.72456541417274	26.666666666666668	23.613839830777298	1.0	1	1
/Users/ytsehay/work/data_2/XY/2_SmallOrgs_Day5/35.txt	17581.57279368848	0.5652638510543554	625.1844783150707	RGB	0.023658890914349952	17933	14.826022185056031	57.79964311604304	69.66666666666667	28.24699277095725	2887040	30.64044584911578	33.849039731582046	28.666666666666668	24.824411983074434	1.0	1	1
/Users/ytsehay/work/data_2/XY/2_SmallOrgs_Day5/36.txt	8132.969716525869	0.3167424878480962	568.0366373412121	RGB	0.046168677463680675	8441	10.378215529539224	64.6094459582198	69.66666666666667	18.609652332628272	2887040	35.088252504632585	33.11133825648415	28.666666666666668	26.435271980431082	1.0	1	1
/Users/ytsehay/work/data_2/XY/2_SmallOrgs_Day5/37.txt	10832.26487122607	0.4211904721833274	568.4932314019603	RGB	0.045937316035334	11059	11.860817748044827	56.92298881755432	62.666666666666664	20.056395533877986	2887040	32.61724880712325	34.363289736200386	29.0	26.01521333206772	1.0	1	1
/Users/ytsehay/work/data_2/XY/2_SmallOrgs_Day5/38.txt	3960.8978358758322	0.7856479490790386	251.7026348463996	RGB	0.007461890621926864	4071	5.930408874022408	51.512404814541874	50.666666666666664	6.564404648579244	2887040	31.13464658861764	26.75653818443804	24.666666666666668	22.9238031494986	1.0	1	1
/Users/ytsehay/work/data_2/XY/2_SmallOrgs_Day5/39.txt	13275.15351112248	0.5071330509350794	573.5400505491698	RGB	0.05297365799654791	13537	16.308624403561634	57.27637832114451	63.666666666666664	20.47621546682409	2887040	26.68683993310083	32.93687975689057	29.666666666666668	22.25756210693403	1.0	1	1
/Users/ytsehay/work/data_2/XY/2_SmallOrgs_Day5/4.txt	13738.80817997903	0.43183609825418096	632.2953535190843	RGB	0.08036644175468005	13976	11.860817748044816	61.216871780194616	64.66666666666667	17.231085692646662	2887040	27.675241412104572	31.396984454666367	29.666666666666668	21.060634710726116	1.0	1	1
/Users/ytsehay/work/data_2/XY/2_SmallOrgs_Day5/40.txt	4432.21008163943	0.3838951844003291	380.89806681183603	RGB	0.06785066618626442	4559	11.860817748044827	60.84031585874095	63.666666666666664	16.101881696648267	2887040	35.088252504632585	30.981253694672258	27.666666666666668	26.126088078087008	1.0	1	1
/Users/ytsehay/work/data_2/XY/2_SmallOrgs_Day5/41.txt	10254.447153622023	0.3440901638823176	611.962666906918	RGB	0.105028159191275	10513	8.895613311033612	51.83829544373633	52.666666666666664	10.900258959973215	2887040	22.239033277584024	29.100743552796864	23.666666666666668	19.875303210644784	1.0	1	1
/Users/ytsehay/work/data_2/XY/2_SmallOrgs_Day5/42.txt	4378.922086279817	0.4678964917234884	342.9364489751138	RGB	0.06968101063690887	4554	10.378215529539224	57.65495535060753	58.666666666666664	12.33099122219079	2887040	27.675241412104572	33.18081044945686	27.666666666666668	22.901539185414933	1.0	1	1
/Users/ytsehay/work/data_2/XY/2_SmallOrgs_Day5/43.txt	14687.318760151764	0.23826412533181476	880.1300795308948	RGB	0.08432464514135732	15003	26.686839933100835	41.2708347219445	18.333333333333332	36.51363438354271	2887040	20.75643105907843	37.495184225596695	22.0	28.581455989980654	1.0	1	1
/Users/ytsehay/work/data_2/XY/2_SmallOrgs_Day5/44.txt	4020.982087663797	0.5811820764495956	294.8593440767714	RGB	0.030331659610237115	4124	14.82602218505602	52.463142580019394	59.666666666666664	17.825021691239947	2887040	23.721635496089633	36.87647798437158	30.0	22.097146170219272	1.0	1	1
/Users/ytsehay/work/data_2/XY/2_SmallOrgs_Day5/45.txt	6678.576484484482	0.5147538496962186	403.7821185655125	RGB	0.018148744044800283	6795	7.41301109252801	61.830512631837124	62.666666666666664	8.499253083352878	2887040	23.227434756587765	34.63641538276808	27.666666666666668	22.544460351788445	1.0	1	1
/Users/ytsehay/work/data_2/XY/2_SmallOrgs_Day5/46.txt	8701.860601556538	0.5737030409418246	436.5835993358028	RGB	0.030674732509683448	8920	8.895613311033612	65.63232436472346	67.66666666666667	14.790523837732673	2887040	26.686839933100835	35.862412944284365	28.0	24.24677573324388	1.0	1	1
/Users/ytsehay/work/data_2/XY/2_SmallOrgs_Day5/47.txt	10451.684828349138	0.5064187466556405	509.26425872119285	RGB	0.056480414342139594	10681	16.308624403561623	47.93895702649564	49.666666666666664	19.074797241726454	2887040	29.157843630610174	33.84585688686912	28.666666666666668	23.692317990867853	1.0	1	1
/Users/ytsehay/work/data_2/XY/2_SmallOrgs_Day5/48.txt	4149.131849459132	0.639064380378638	285.63488279957886	RGB	0.015769257442302908	4265	11.860817748044816	58.94951152794061	72.66666666666667	29.90269755248666	2887040	22.23903327758403	34.345365495455546	21.0	27.566676452515562	1.0	1	1
/Users/ytsehay/work/data_2/XY/2_SmallOrgs_Day5/49.txt	51283.84488747244	0.08397181936068537	2770.3104456480564	RGB	0.2185592250386147	52397	20.756431059078423	41.75006202645189	41.666666666666664	20.451836344247695	2887040	18.779628101070955	26.40458081633783	23.0	17.66078374947809	1.0	1	1
/Users/ytsehay/work/data_2/XY/2_SmallOrgs_Day5/5.txt	9942.389503783626	0.650529005638821	438.245016057836	RGB	0.02442414368398707	10152	8.895613311033623	63.772524297346976	68.66666666666667	17.98728322379228	2887040	29.157843630610174	32.783464956033384	30.666666666666668	21.99491004836028	1.0	1	1
/Users/ytsehay/work/data_2/XY/2_SmallOrgs_Day5/50.txt	9968.73679174656	0.3961288217093785	562.350098566312	RGB	0.05650313550573691	10169	17.791226622067224	45.23063559183137	46.666666666666664	14.690883936117807	2887040	23.72163549608963	29.259773562772473	26.666666666666668	19.36337095259647	1.0	1	1
/Users/ytsehay/work/data_2/XY/2_SmallOrgs_Day5/51.txt	17494.78451698084	0.2929007443636945	866.3611979670732	RGB	0.14833835516340574	17828	10.378215529539215	42.40320469673173	41.666666666666664	10.578474903313792	2887040	20.75643105907843	27.642878519175365	24.0	18.396797568511456	1.0	1	1
/Users/ytsehay/work/data_2/XY/2_SmallOrgs_Day5/52.txt	5965.707955534788	0.6934186873562335	328.80480524665643	RGB	0.008638247049608676	6089	17.791226622067224	46.04291892483713	44.666666666666664	18.41670926856918	2887040	23.227434756587765	28.815554339392605	25.666666666666668	19.824786905303	1.0	1	1
/Users/ytsehay/work/data_2/XY/2_SmallOrgs_Day5/53.txt	23106.76036458223	0.234037433550183	1113.8630533399166	RGB	0.0505638611464329	23641	11.860817748044811	36.08351310576259	34.666666666666664	13.223514058089762	2887040	17.791226622067228	25.371312486144973	21.666666666666668	17.8724241683449	1.0	1	1
/Users/ytsehay/work/data_2/XY/2_SmallOrgs_Day5/54.txt	30898.30120926308	0.33633626253911886	1074.4479617383222	RGB	0.05326603829006135	31350	10.378215529539215	50.895598086124394	51.666666666666664	11.254861022033136	2887040	28.16944215160644	33.32680634837063	31.666666666666668	20.84680740114623	1.0	1	1
/Users/ytsehay/work/data_2/XY/2_SmallOrgs_Day5/55.txt	20466.189515841736	0.299246131933142	927.0628008027346	RGB	0.07063593555743866	20850	20.75643105907843	35.67419664268586	31.666666666666668	21.54969252346344	2887040	13.343419966550417	22.747187661641902	16.666666666666668	19.02744677197549	1.0	1	1
/Users/ytsehay/work/data_2/XY/2_SmallOrgs_Day5/56.txt	6194.002817922414	0.6347999578743722	350.16455795231127	RGB	0.014030867717567896	6343	11.860817748044816	25.710179200168163	22.666666666666668	15.89915796863903	2887040	11.860817748044816	17.967301226631193	12.0	18.123032276711733	1.0	1	1
/Users/ytsehay/work/data_2/XY/2_SmallOrgs_Day5/57.txt	7200.228902485149	0.8089131921572595	334.446861315306	RGB	0.008168273468330248	7337	8.895613311033612	49.99391213484166	50.666666666666664	9.620866713586693	2887040	21.744832538082164	26.25761933791474	20.666666666666668	21.13960378799605	1.0	1	1
/Users/ytsehay/work/data_2/XY/2_SmallOrgs_Day5/58.txt	17531.821014412526	0.19210969551054874	1070.8873890915659	RGB	0.07777879082942332	17974	10.378215529539215	23.638292348206672	22.666666666666668	10.80706937840332	2887040	16.308624403561623	29.102242666075526	21.0	20.270128935256043	1.0	1	1
/Users/ytsehay/work/data_2/XY/2_SmallOrgs_Day5/59.txt	15321.954823816748	0.398038330798415	695.5039047771082	RGB	0.09625083261667464	15690	10.378215529539215	46.03016783513915	45.666666666666664	10.062774248287662	2887040	24.71003697509337	29.7139541999187	26.666666666666668	19.56136503165172	1.0	1	1
/Users/ytsehay/work/data_2/XY/2_SmallOrgs_Day5/6.txt	12464.924691628345	0.5512863219877232	533.0416601499473	RGB	0.03071641904562792	12615	19.273828840572826	46.60586603250099	47.333333333333336	19.412423883267895	2887040	29.65204437011204	34.40159113371019	26.0	27.25116174291519	1.0	1	1
/Users/ytsehay/work/data_2/XY/2_SmallOrgs_Day5/60.txt	18058.259200752007	0.2927066746906715	880.4943231412647	RGB	0.10949660345956143	18394	16.308624403561623	47.788173679823124	48.666666666666664	16.322971538391144	2887040	26.686839933100835	31.409623235793998	28.0	21.455849671216555	1.0	1	1
/Users/ytsehay/work/data_2/XY/2_SmallOrgs_Day5/61.txt	14646.346184858405	0.2603494073134769	840.7972505379764	RGB	0.07563585454621612	14980	17.791226622067224	35.66938139741878	38.666666666666664	16.11901731584976	2887040	23.72163549608963	28.910862567427767	26.666666666666668	18.910727103603353	1.0	1	1
/Users/ytsehay/work/data_2/XY/2_SmallOrgs_Day5/62.txt	9188.266939326779	0.21961887446818168	725.0816314092954	RGB	0.04176373269490356	9491	8.895613311033612	64.84016436624171	67.66666666666667	14.399052402873847	2887040	28.16944215160644	35.74822505634375	30.0	23.493996571202462	1.0	1	1
/Users/ytsehay/work/data_2/XY/2_SmallOrgs_Day5/63.txt	11413.985257131426	0.3390547828076827	650.4121539449318	RGB	0.06773160782622518	11658	11.860817748044816	54.810259049579685	73.66666666666667	33.24006976838406	2887040	6.424609613524275	29.06382465547181	7.333333333333333	31.476003882997222	1.0	1	1
/Users/ytsehay/work/data_2/XY/2_SmallOrgs_Day5/64.txt	17606.972113011187	0.26384470037356994	915.7418929495132	RGB	0.04278177169643394	17984	25.204237714595244	48.51386417556346	61.666666666666664	30.132806542134627	2887040	17.791226622067224	33.01015099663783	17.0	29.612704270499567	1.0	1	1
/Users/ytsehay/work/data_2/XY/2_SmallOrgs_Day5/65.txt	5849.282001970307	0.8064922885292501	301.8951265648128	RGB	0.001619825652728054	5976	13.343419966550417	27.775658188308793	16.333333333333332	26.42397902716246	2887040	6.424609613524276	23.23069868562032	8.333333333333334	27.44611179094868	1.0	1	1
/Users/ytsehay/work/data_2/XY/2_SmallOrgs_Day5/66.txt	20054.408367886776	0.3005687022857423	915.6678817423619	RGB	0.0986055579326968	20428	17.791226622067224	33.889808106520455	15.333333333333334	32.774162360267134	2887040	24.71003697509337	35.364928669733246	25.666666666666668	25.406764923135384	1.0	1	1
/Users/ytsehay/work/data_2/XY/2_SmallOrgs_Day5/67.txt	5233.872419145679	0.8006639610788937	286.61001222444213	RGB	0.00338066458698093	5357	16.308624403561623	52.479995022089476	52.666666666666664	16.542262329437776	2887040	20.75643105907843	34.502608554089996	19.0	29.59446718807521	1.0	1	1
/Users/ytsehay/work/data_2/XY/2_SmallOrgs_Day5/68.txt	2871.6959174794247	0.6726939086247743	231.6143215358869	RGB	0.018534795266650892	2951	5.930408874022408	65.03851801649158	76.66666666666667	27.47150240264968	2887040	20.75643105907843	34.441486435934365	19.0	29.73092975349451	1.0	1	1
/Users/ytsehay/work/data_2/XY/2_SmallOrgs_Day5/69.txt	8375.357454529454	0.5851562902550572	424.10234009085883	RGB	0.029206627052720324	8536	14.82602218505602	57.753983130271784	69.66666666666667	28.522789018653317	2887040	7.41301109252801	27.379453581061096	8.0	30.659596552057714	1.0	1	1
/Users/ytsehay/work/data_2/XY/2_SmallOrgs_Day5/7.txt	4401.780977719856	0.6001354866703911	303.59491470314157	RGB	0.02576110439879577	4536	10.37821552953921	33.192092886537324	33.666666666666664	10.380448626510761	2887040	20.75643105907843	22.511507287741082	18.0	18.623187027555225	1.0	1	1
/Users/ytsehay/work/data_2/XY/2_SmallOrgs_Day5/70.txt	11674.648995761112	0.34351204808360747	653.5154527713559	RGB	0.14340441736563414	11943	16.308624403561623	30.6524882078763	17.333333333333332	29.19535694007843	2887040	16.308624403561623	28.225691250092364	16.0	26.45359726655282	1.0	1	1
/Users/ytsehay/work/data_2/XY/2_SmallOrgs_Day5/71.txt	12505.002300883825	0.3889772573519104	635.6012096803956	RGB	0.056731202247578126	12774	17.791226622067224	53.523485204321275	66.66666666666667	29.636924662710594	2887040	14.331821445554155	28.922996679413316	16.0	27.02366924064781	1.0	1	1
/Users/ytsehay/work/data_2/XY/2_SmallOrgs_Day5/72.txt	21780.028496927145	0.2616619324717614	1022.7367967567159	RGB	0.077692655280019	22124	46.45486951317553	42.64058639185198	49.666666666666664	32.29829924342804	2887040	15.814423664059754	35.1104102009902	19.0	28.790708971447934	1.0	1	1
/Users/ytsehay/work/data_2/XY/2_SmallOrgs_Day5/73.txt	7648.94325676392	0.4091205128375811	484.70781732911246	RGB	0.025074533971877908	7839	8.895613311033614	25.33898881660076	11.333333333333334	30.119133541028756	2887040	23.721635496089633	36.33034711446092	24.0	26.51219436789321	1.0	1	1
/Users/ytsehay/work/data_2/XY/2_SmallOrgs_Day5/74.txt	10335.976569777697	0.5702884103666302	477.2362420214664	RGB	0.039109987183008336	10537	22.23903327758403	34.89136692923349	19.333333333333332	30.818436631714913	2887040	10.872416269041082	30.224619217837873	14.333333333333334	28.07129984629357	1.0	1	1
/Users/ytsehay/work/data_2/XY/2_SmallOrgs_Day5/75.txt	29128.834593063602	0.1122946335246139	1805.4563190929632	RGB	0.2664671615403252	29940	10.378215529539224	61.73500334001336	68.66666666666667	21.574182800264058	2887040	25.204237714595234	36.8469811063696	27.0	24.997417515676254	1.0	1	1
/Users/ytsehay/work/data_2/XY/2_SmallOrgs_Day5/76.txt	7102.660211527174	0.6072598924624901	383.3788516490612	RGB	0.052037821462754014	7230	25.204237714595244	51.20548639926233	63.666666666666664	29.325660026105727	2887040	15.32022292455789	34.4144996259144	15.333333333333334	30.07291584512706	1.0	1	1
/Users/ytsehay/work/data_2/XY/2_SmallOrgs_Day5/77.txt	3177.268209804097	0.6288691668697265	251.97167310242722	RGB	0.010912934272639866	3247	10.378215529539224	61.45806385381377	63.666666666666664	16.096457058129552	2887040	10.378215529539215	28.890217893297876	12.0	28.954246855513876	1.0	1	1
/Users/ytsehay/work/data_2/XY/2_SmallOrgs_Day5/78.txt	31635.407545918722	0.30340808873146563	1144.664124237389	RGB	0.05025019502550573	32090	17.791226622067235	55.645216578373315	60.666666666666664	20.716343432354083	2887040	34.099851025628844	33.75428166334147	29.666666666666668	25.936909949789584	1.0	1	1
/Users/ytsehay/work/data_2/XY/2_SmallOrgs_Day5/79.txt	7823.945392064714	0.4613063736927115	461.6609168562024	RGB	0.10253647878663291	8006	5.930408874022408	70.61083354151053	73.66666666666667	15.12335286258013	2887040	12.849219227048552	29.396522851548077	13.0	29.652303451885768	1.0	1	1
/Users/ytsehay/work/data_2/XY/2_SmallOrgs_Day5/8.txt	5136.792800511019	0.19780070934406832	571.2642331886013	RGB	0.05637747011823074	5437	16.308624403561634	51.86303721414997	56.666666666666664	22.13640248619782	2887040	12.355018487546685	30.689611389750954	14.333333333333334	28.84195032250334	1.0	1	1
/Users/ytsehay/work/data_2/XY/2_SmallOrgs_Day5/80.txt	18964.117453522194	0.3496576605599546	825.5620607811435	RGB	0.033543705192169884	19280	10.378215529539215	62.79113070539419	68.66666666666667	20.229088912003643	2887040	38.54765768114565	33.575970313308225	31.666666666666668	27.286669137580528	1.0	1	1
/Users/ytsehay/work/data_2/XY/2_SmallOrgs_Day5/81.txt	17076.15407636387	0.2540347682230325	919.080145641235	RGB	0.13607207961827958	17419	10.378215529539215	60.31463727347531	63.666666666666664	16.192308843069384	2887040	39.04185842064752	34.62901807156579	30.333333333333332	27.42244823304982	1.0	1	1
/Users/ytsehay/work/data_2/XY/2_SmallOrgs_Day5/82.txt	3659.473955624584	0.5693388627907933	284.2031240749423	RGB	0.020577403535940276	3780	45.96066877367367	43.18827160493826	36.333333333333336	31.211890399391958	2887040	34.099851025628844	31.831414412916565	27.0	26.402714891091485	1.0	1	1
/Users/ytsehay/work/data_2/XY/2_SmallOrgs_Day5/83.txt	5480.698730344266	0.5417342819090882	356.55763237472996	RGB	0.02192393948395489	5631	10.378215529539215	42.64535606464216	42.666666666666664	13.278238881179497	2887040	35.58245324413445	30.3881772796128	28.0	25.051897033097053	1.0	1	1
/Users/ytsehay/work/data_2/XY/2_SmallOrgs_Day5/84.txt	3116.777952300661	0.7747210267315605	224.84601345306316	RGB	0.0038812098166429855	3236	27.428141042353637	46.23681499793984	65.16666666666667	33.82423732461568	2887040	24.71003697509337	33.085348199770934	20.666666666666668	29.01060582042953	1.0	1	1
/Users/ytsehay/work/data_2/XY/2_SmallOrgs_Day5/85.txt	5589.584788025139	0.7467363368717117	306.6980845615747	RGB	0.007908888603901558	5693	10.378215529539215	44.61379471866035	43.666666666666664	11.177889375041662	2887040	29.157843630610174	35.89826269581766	29.666666666666668	24.69938425441625	1.0	1	1
/Users/ytsehay/work/data_2/XY/2_SmallOrgs_Day5/86.txt	18707.34349856226	0.33944476705344745	832.1975510036439	RGB	0.10607877484048223	19048	7.41301109252801	54.56268374632507	54.666666666666664	7.825928002461623	2887040	22.23903327758403	31.546167932091915	29.0	18.73461495232609	1.0	1	1
/Users/ytsehay/work/data_2/XY/2_SmallOrgs_Day5/87.txt	17325.615521491025	0.2679850717932481	901.3510463430744	RGB	0.0672917268407491	17683	8.895613311033612	55.6973741258082	55.666666666666664	7.8532543080079105	2887040	16.308624403561623	35.545606341904964	18.0	28.268887424263717	1.0	1	1
/Users/ytsehay/work/data_2/XY/2_SmallOrgs_Day5/88.txt	12194.129733003756	0.20177078237199494	871.4675063643197	RGB	0.04274226061974212	12541	19.273828840572826	48.75254498577997	70.66666666666667	36.01484362312243	2887040	14.82602218505602	33.53826375803591	17.0	28.576072999158296	1.0	1	1
/Users/ytsehay/work/data_2/XY/2_SmallOrgs_Day5/89.txt	37968.12666685516	0.14211607722224034	1832.2845146521672	RGB	0.16617487631227093	38721	13.343419966550417	59.97505229720307	68.66666666666667	24.567927239242987	2887040	22.23903327758403	36.04572434050099	23.0	26.929497023030265	1.0	1	1
/Users/ytsehay/work/data_2/XY/2_SmallOrgs_Day5/9.txt	52107.455601910726	0.16614144856242907	1985.2530378010913	RGB	0.15305393367833922	53029	7.413011092528021	63.310327053750456	64.66666666666667	10.309731775966785	2887040	37.06505546264005	33.11479392965346	32.666666666666664	24.976155394250572	1.0	1	1
/Users/ytsehay/work/data_2/XY/2_SmallOrgs_Day5/90.txt	6718.992634100898	0.5567086421314148	389.4422206062979	RGB	0.050767306744752036	6862	11.860817748044827	60.13062275332749	69.66666666666667	25.06577482460958	2887040	22.23903327758403	35.505832732949095	23.0	25.77989263396407	1.0	1	1
/Users/ytsehay/work/data_2/XY/2_SmallOrgs_Day5/91.txt	8718.20607772813	0.5827052667645912	433.6047444223796	RGB	0.05427162262049122	8907	17.791226622067224	33.638074922345716	14.333333333333334	32.51992208219605	2887040	18.779628101070955	31.92773140194336	20.0	26.82882163468807	1.0	1	1
/Users/ytsehay/work/data_2/XY/2_SmallOrgs_Day5/92.txt	4594.0499788023735	0.5677468547684169	318.87863427290137	RGB	0.020055157137736007	4755	14.82602218505602	57.6652646337189	64.66666666666667	21.77311976688633	2887040	19.273828840572826	34.70978337674573	20.0	27.538745193187033	1.0	1	1
/Users/ytsehay/work/data_2/XY/2_SmallOrgs_Day5/93.txt	18022.11905309863	0.18941327898246935	1093.4593637798978	RGB	0.05748349747065349	18474	11.860817748044816	61.220255494208075	71.66666666666667	25.797168244819453	2887040	20.75643105907843	36.14569016478238	20.0	28.570357132518275	1.0	1	1
/Users/ytsehay/work/data_2/XY/2_SmallOrgs_Day5/94.txt	30554.19066199843	0.17696692758607127	1472.9712449478504	RGB	0.3020046461099994	31203	10.378215529539224	63.41415889497803	70.66666666666667	22.333278837087818	2887040	22.23903327758403	35.533494051577655	20.0	28.94077053181855	1.0	1	1
/Users/ytsehay/work/data_2/XY/2_SmallOrgs_Day5/95.txt	4526.478858628296	0.7027779273608843	284.4959732212093	RGB	0.009583449904903778	4641	10.378215529539215	29.673920850391443	11.333333333333334	32.45576728031092	2887040	16.308624403561623	34.14303323357718	16.0	29.16800986503708	1.0	1	1
/Users/ytsehay/work/data_2/XY/2_SmallOrgs_Day5/96.txt	13314.932195214955	0.3605046308540877	681.2695649586047	RGB	0.1278410997651863	13599	17.791226622067224	53.693506875505555	68.66666666666667	31.26376868429033	2887040	13.343419966550417	30.85470643519545	12.0	30.828319175802818	1.0	1	1
/Users/ytsehay/work/data_2/XY/2_SmallOrgs_Day5/97.txt	21751.26213663717	0.24167371712513258	1063.4876532103951	RGB	0.07657544250863359	22183	10.378215529539224	60.623750920374455	62.666666666666664	14.031872948526217	2887040	35.088252504632585	34.70993624381142	29.666666666666668	26.666747324047975	1.0	1	1
/Users/ytsehay/work/data_2/XY/2_SmallOrgs_Day5/98.txt	10702.653324871526	0.4949216012084481	521.2936760885945	RGB	0.024375987826438617	10878	7.41301109252801	65.18661518661517	66.66666666666667	9.784507081567419	2887040	32.61724880712325	34.72805087563732	27.0	27.417426130392965	1.0	1	1
/Users/ytsehay/work/data_2/XY/2_SmallOrgs_Day5/99.txt	5003.909158156406	0.6215300240244406	318.0743028943966	RGB	0.019140382344494406	5125	7.41301109252801	63.801170731707316	76.66666666666667	28.03919499703873	2887040	10.378215529539215	31.010923067686406	10.0	32.41323011032502	1.0	1	1
